shape_id,shape_pt_lat,shape_pt_lon,shape_pt_sequence,shape_dist_traveled
SA_R1,9.0506287,-79.4502206,0,0.0
SA_R1,9.0506393,-79.4501761,1,5.03
SA_R1,9.0506422,-79.4501231,2,10.85
SA_R1,9.0506536,-79.4500499,3,18.99
SA_R1,9.0506703,-79.4499819,4,26.69
SA_R1,9.0506799,-79.4499089,5,34.78
SA_R1,9.0506893,-79.449836,6,42.84
SA_R1,9.0506987,-79.4497689,7,50.29
SA_R1,9.0507087,-79.4497134,8,56.48
SA_R1,9.0507211,-79.4496548,9,63.06
SA_R1,9.0507289,-79.4496053,10,68.57
SA_R1,9.0507375,-79.4495514,11,74.57
SA_R1,9.0507407,-79.4494967,12,80.58
SA_R1,9.0507536,-79.4494459,13,86.34
SA_R1,9.0507621,-79.4494,14,91.47
SA_R1,9.0507737,-79.4493568,15,96.38
SA_R1,9.0507835,-79.4493154,16,101.06
SA_R1,9.0507807,-79.4492827,17,104.67
SA_R1,9.0507798,-79.4492464,18,108.65
SA_R1,9.0507866,-79.4492065,19,113.1
SA_R1,9.0507947,-79.4491703,20,117.17
SA_R1,9.0508041,-79.449132,21,121.5
SA_R1,9.0508119,-79.4491003,22,125.09
SA_R1,9.050816,-79.449067,23,128.78
SA_R1,9.0508224,-79.4490368,24,132.17
SA_R1,9.0508254,-79.4490107,25,135.05
SA_R1,9.0508302,-79.4489852,26,137.91
SA_R1,9.0508319,-79.448964,27,140.25
SA_R1,9.050832,-79.4489527,28,141.49
SA_R1,9.050834,-79.4489446,29,142.4
SA_R1,9.0508374,-79.4489329,30,143.74
SA_R1,9.0508391,-79.4489204,31,145.13
SA_R1,9.0508395,-79.4489046,32,146.86
SA_R1,9.0508436,-79.4488816,33,149.43
SA_R1,9.0508501,-79.4488488,34,153.1
SA_R1,9.0508551,-79.4488141,35,156.95
SA_R1,9.0508601,-79.4487761,36,161.17
SA_R1,9.050862,-79.4487326,37,165.95
SA_R1,9.0508649,-79.4486874,38,170.92
SA_R1,9.0508637,-79.4486341,39,176.78
SA_R1,9.0508721,-79.4485859,40,182.15
SA_R1,9.0508698,-79.4485299,41,188.31
SA_R1,9.0508873,-79.4484711,42,195.04
SA_R1,9.0508999,-79.4484107,43,201.83
SA_R1,9.0509055,-79.4483362,44,210.02
SA_R1,9.0509282,-79.4482611,45,218.66
SA_R1,9.0509444,-79.4481808,46,227.65
SA_R1,9.0509671,-79.4481062,47,236.22
SA_R1,9.0509876,-79.448023,48,245.64
SA_R1,9.0510101,-79.4479437,49,254.7
SA_R1,9.0510289,-79.4478687,50,263.2
SA_R1,9.0510581,-79.447792,51,272.22
SA_R1,9.0510774,-79.4477208,52,280.33
SA_R1,9.051095,-79.4476415,53,289.26
SA_R1,9.0511113,-79.4475722,54,297.08
SA_R1,9.0511307,-79.4474986,55,305.44
SA_R1,9.0511513,-79.4474251,56,313.84
SA_R1,9.051171,-79.4473477,57,322.61
SA_R1,9.0511935,-79.4472627,58,332.27
SA_R1,9.0512113,-79.4471802,59,341.54
SA_R1,9.0512301,-79.4470956,60,351.06
SA_R1,9.0512499,-79.4470205,61,359.61
SA_R1,9.0512668,-79.4469461,62,367.99
SA_R1,9.0512863,-79.4468702,63,376.6
SA_R1,9.0513033,-79.4467965,64,384.91
SA_R1,9.0513187,-79.4467217,65,393.31
SA_R1,9.0513388,-79.4466443,66,402.09
SA_R1,9.0513605,-79.4465505,67,412.67
SA_R1,9.0513814,-79.44646,68,422.88
SA_R1,9.0514056,-79.4463757,69,432.51
SA_R1,9.0514304,-79.4462888,70,442.45
SA_R1,9.0514575,-79.4462003,71,452.62
SA_R1,9.0514877,-79.4461142,72,462.65
SA_R1,9.0515113,-79.44603,73,472.27
SA_R1,9.0515286,-79.4459492,74,481.34
SA_R1,9.0515522,-79.445871,75,490.32
SA_R1,9.0515758,-79.4457918,76,499.4
SA_R1,9.0516,-79.4457236,77,507.37
SA_R1,9.0516213,-79.4456565,78,515.11
SA_R1,9.0516383,-79.4455934,79,522.28
SA_R1,9.0516549,-79.4455266,80,529.85
SA_R1,9.0516744,-79.4454729,81,536.14
SA_R1,9.0516944,-79.4454126,82,543.13
SA_R1,9.0517183,-79.4453489,83,550.61
SA_R1,9.0517322,-79.4452925,84,556.98
SA_R1,9.0517513,-79.4452462,85,562.5
SA_R1,9.0517691,-79.4451907,86,568.9
SA_R1,9.0517861,-79.4451402,87,574.77
SA_R1,9.0518038,-79.4450851,88,581.13
SA_R1,9.0518241,-79.4450236,89,588.25
SA_R1,9.0518409,-79.4449576,90,595.73
SA_R1,9.0518641,-79.4448977,91,602.8
SA_R1,9.0518914,-79.4448284,92,610.99
SA_R1,9.051921,-79.4447509,93,620.11
SA_R1,9.0519492,-79.4446879,94,627.71
SA_R1,9.0519743,-79.4446227,95,635.39
SA_R1,9.0519976,-79.4445566,96,643.1
SA_R1,9.0520294,-79.4444821,97,652.01
SA_R1,9.0520487,-79.4444114,98,660.06
SA_R1,9.0520776,-79.444345,99,668.04
SA_R1,9.0520989,-79.444289,100,674.62
SA_R1,9.0521096,-79.4442434,101,679.78
SA_R1,9.0521275,-79.444194,102,685.55
SA_R1,9.0521342,-79.4441436,103,691.13
SA_R1,9.0521411,-79.4441015,104,695.83
SA_R1,9.052154,-79.4440637,105,700.21
SA_R1,9.0521737,-79.4440313,106,704.39
SA_R1,9.0521878,-79.4439995,107,708.23
SA_R1,9.0522041,-79.4439602,108,712.9
SA_R1,9.0522195,-79.4439173,109,717.91
SA_R1,9.0522449,-79.4438723,110,723.6
SA_R1,9.0522624,-79.4438167,111,730.02
SA_R1,9.0522826,-79.4437578,112,736.86
SA_R1,9.0523038,-79.4436918,113,744.48
SA_R1,9.0523392,-79.4436239,114,752.92
SA_R1,9.0523741,-79.4435492,115,761.99
SA_R1,9.0523997,-79.4434685,116,771.29
SA_R1,9.0524289,-79.4433877,117,780.75
SA_R1,9.0524561,-79.4433077,118,790.03
SA_R1,9.0524731,-79.4432367,119,798.06
SA_R1,9.0524958,-79.443148,120,808.11
SA_R1,9.0525429,-79.4430289,121,822.21
SA_R1,9.0526004,-79.4428967,122,838.06
SA_R1,9.0526586,-79.4427612,123,854.3
SA_R1,9.0527108,-79.4426305,124,869.77
SA_R1,9.0527573,-79.4424973,125,885.29
SA_R1,9.0527936,-79.4423784,126,898.95
SA_R1,9.0528299,-79.4422729,127,911.23
SA_R1,9.0528703,-79.4421787,128,922.5
SA_R1,9.0529145,-79.4420875,129,933.65
SA_R1,9.0529532,-79.4420097,130,943.23
SA_R1,9.052982,-79.4419398,131,951.54
SA_R1,9.0530157,-79.4418624,132,960.83
SA_R1,9.0530519,-79.4417775,133,970.98
SA_R1,9.0530838,-79.4417015,134,980.05
SA_R1,9.0531139,-79.4416309,135,988.49
SA_R1,9.0531464,-79.4415609,136,996.99
SA_R1,9.0531733,-79.4414903,137,1005.3
SA_R1,9.053203,-79.4414192,138,1013.78
SA_R1,9.0532356,-79.4413567,139,1021.54
SA_R1,9.0532686,-79.4413018,140,1028.6
SA_R1,9.0533131,-79.4412672,141,1034.84
SA_R1,9.05337,-79.4412448,142,1041.61
SA_R1,9.0534254,-79.4412307,143,1047.97
SA_R1,9.0534772,-79.4412377,144,1053.79
SA_R1,9.0535297,-79.441268,145,1060.5
SA_R1,9.0535751,-79.4413044,146,1066.95
SA_R1,9.0536061,-79.4413394,147,1072.1
SA_R1,9.0536255,-79.4413735,148,1076.42
SA_R1,9.0536352,-79.4414181,149,1081.44
SA_R1,9.053635,-79.4414645,150,1086.54
SA_R1,9.0536349,-79.4415034,151,1090.81
SA_R1,9.053627,-79.4415377,152,1094.67
SA_R1,9.05361,-79.4415732,153,1099.01
SA_R1,9.0535751,-79.441625,154,1105.89
SA_R1,9.0535462,-79.4416787,155,1112.61
SA_R1,9.0535128,-79.4417343,156,1119.76
SA_R1,9.0534835,-79.4417933,157,1127.01
SA_R1,9.0534569,-79.441845,158,1133.41
SA_R1,9.0534357,-79.441884,159,1138.3
SA_R1,9.0534217,-79.44191,160,1141.55
SA_R1,9.0534095,-79.4419247,161,1143.66
SA_R1,9.0534063,-79.4419356,162,1144.9
SA_R1,9.0534001,-79.4419487,163,1146.5
SA_R1,9.0533945,-79.4419698,164,1148.9
SA_R1,9.0533846,-79.4419984,165,1152.22
SA_R1,9.0533687,-79.4420305,166,1156.17
SA_R1,9.0533418,-79.4420688,167,1161.33
SA_R1,9.0533052,-79.4421172,168,1168.03
SA_R1,9.0532759,-79.4421725,169,1174.91
SA_R1,9.0532437,-79.4422325,170,1182.42
SA_R1,9.0532112,-79.4422923,171,1189.91
SA_R1,9.0531766,-79.4423513,172,1197.45
SA_R1,9.0531447,-79.4424082,173,1204.63
SA_R1,9.0531118,-79.4424678,174,1212.13
SA_R1,9.0530806,-79.4425299,175,1219.78
SA_R1,9.0530497,-79.4425846,176,1226.7
SA_R1,9.0530247,-79.4426356,177,1232.96
SA_R1,9.0529941,-79.4426881,178,1239.65
SA_R1,9.0529612,-79.4427469,179,1247.06
SA_R1,9.0529344,-79.4428063,180,1254.24
SA_R1,9.0528989,-79.4428614,181,1261.46
SA_R1,9.0528654,-79.4429052,182,1267.55
SA_R1,9.0528409,-79.4429525,183,1273.41
SA_R1,9.0528162,-79.4429936,184,1278.7
SA_R1,9.0527944,-79.4430399,185,1284.33
SA_R1,9.0527745,-79.4430798,186,1289.24
SA_R1,9.0527532,-79.4431204,187,1294.29
SA_R1,9.052741,-79.4431674,188,1299.62
SA_R1,9.0527199,-79.4432154,189,1305.39
SA_R1,9.0526979,-79.4432625,190,1311.11
SA_R1,9.052676,-79.4433099,191,1316.86
SA_R1,9.0526539,-79.4433572,192,1322.61
SA_R1,9.0526364,-79.4433941,193,1327.1
SA_R1,9.0526194,-79.4434221,194,1330.71
SA_R1,9.0526076,-79.4434516,195,1334.21
SA_R1,9.0525944,-79.443482,196,1337.85
SA_R1,9.0525832,-79.4435091,197,1341.08
SA_R1,9.0525702,-79.4435388,198,1344.64
SA_R1,9.0525592,-79.4435682,199,1348.1
SA_R1,9.0525508,-79.4435981,200,1351.51
SA_R1,9.0525475,-79.4436254,201,1354.53
SA_R1,9.0525502,-79.4436432,202,1356.51
SA_R1,9.0525572,-79.4436564,203,1358.15
SA_R1,9.0525636,-79.4436686,204,1359.67
SA_R1,9.052568,-79.4436875,205,1361.8
SA_R1,9.0525779,-79.4437069,206,1364.2
SA_R1,9.0525839,-79.4437239,207,1366.19
SA_R1,9.0525922,-79.4437339,208,1367.62
SA_R1,9.0525958,-79.4437348,209,1368.03
SA_R1,9.0526048,-79.4437321,210,1369.07
SA_R1,9.0526106,-79.4437322,211,1369.72
SA_R1,9.0526115,-79.4437351,212,1370.05
SA_R1,9.0526187,-79.4437415,213,1371.11
SA_R1,9.0526257,-79.4437559,214,1372.87
SA_R1,9.0526432,-79.4437733,215,1375.6
SA_R1,9.0526764,-79.4437932,216,1379.89
SA_R1,9.0527209,-79.4438113,217,1385.22
SA_R1,9.0527675,-79.4438343,218,1390.99
SA_R1,9.05282,-79.4438594,219,1397.44
SA_R1,9.0528785,-79.4438806,220,1404.35
SA_R1,9.0529417,-79.4439134,221,1412.25
SA_R1,9.0530099,-79.4439475,222,1420.71
SA_R1,9.0530642,-79.4439795,223,1427.7
SA_R1,9.0530952,-79.4439927,224,1431.43
SA_R1,9.0531139,-79.4440024,225,1433.77
SA_R1,9.0531316,-79.4440014,226,1435.74
SA_R1,9.0531348,-79.4439996,227,1436.15
SA_R1,9.0531344,-79.4439995,228,1436.19
SA_R1,9.0531344,-79.4439995,229,1436.19
SA_R1,9.0531344,-79.4439995,230,1436.19
SA_R1,9.0531297,-79.4439979,231,1436.75
SA_R1,9.0531262,-79.4439991,232,1437.16
SA_R1,9.0531262,-79.4439991,233,1437.16
SA_R1,9.0531262,-79.4439991,234,1437.16
SA_R1,9.0531262,-79.4439991,235,1437.16
SA_R1,9.0531262,-79.4439991,236,1437.16
SA_R1,9.0531262,-79.4439991,237,1437.16
SA_R1,9.0531262,-79.4439991,238,1437.16
SA_R1,9.0531262,-79.4439991,239,1437.16
SA_R1,9.0531262,-79.4439991,240,1437.16
SA_R1,9.0531262,-79.4439991,241,1437.16
SA_R1,9.0531262,-79.4439991,242,1437.16
SA_R1,9.0531262,-79.4439991,243,1437.16
SA_R1,9.0531262,-79.4439991,244,1437.16
SA_R1,9.0531262,-79.4439991,245,1437.16
SA_R1,9.0531262,-79.4439991,246,1437.16
SA_R1,9.0531262,-79.4439991,247,1437.16
SA_R1,9.0531262,-79.4439991,248,1437.16
SA_R1,9.0531262,-79.4439991,249,1437.16
SA_R1,9.0531262,-79.4439991,250,1437.16
SA_R1,9.0531274,-79.4440027,251,1437.58
SA_R1,9.0531274,-79.4440032,252,1437.64
SA_R1,9.0531274,-79.4440032,253,1437.64
SA_R1,9.0531274,-79.4440032,254,1437.64
SA_R1,9.0531274,-79.4440032,255,1437.64
SA_R1,9.0531274,-79.4440032,256,1437.64
SA_R1,9.0531268,-79.4440108,257,1438.48
SA_R1,9.0531267,-79.4440111,258,1438.51
SA_R1,9.0531267,-79.4440111,259,1438.51
SA_R1,9.0531267,-79.4440111,260,1438.51
SA_R1,9.0531267,-79.4440111,261,1438.51
SA_R1,9.0531267,-79.4440111,262,1438.51
SA_R1,9.0531267,-79.4440111,263,1438.51
SA_R1,9.0531267,-79.4440111,264,1438.51
SA_R1,9.0531267,-79.4440111,265,1438.51
SA_R1,9.0531267,-79.4440111,266,1438.51
SA_R1,9.0531267,-79.4440111,267,1438.51
SA_R1,9.0531267,-79.4440111,268,1438.51
SA_R1,9.0531267,-79.4440111,269,1438.51
SA_R1,9.0531267,-79.4440111,270,1438.51
SA_R1,9.0531267,-79.4440111,271,1438.51
SA_R1,9.0531267,-79.4440111,272,1438.51
SA_R1,9.0531267,-79.4440111,273,1438.51
SA_R1,9.0531267,-79.4440111,274,1438.51
SA_R1,9.0531267,-79.4440111,275,1438.51
SA_R1,9.0531267,-79.4440111,276,1438.51
SA_R1,9.0531267,-79.4440111,277,1438.51
SA_R1,9.0531263,-79.4440111,278,1438.54
SA_R1,9.0531266,-79.4440108,279,1438.58
SA_R1,9.0531266,-79.4440108,280,1438.58
SA_R1,9.0531266,-79.4440108,281,1438.58
SA_R1,9.0531266,-79.4440108,282,1438.58
SA_R1,9.0531266,-79.4440108,283,1438.58
SA_R1,9.0531266,-79.4440108,284,1438.58
SA_R1,9.0531266,-79.4440108,285,1438.58
SA_R1,9.0531266,-79.4440108,286,1438.58
SA_R1,9.0531266,-79.4440108,287,1438.58
SA_R1,9.0531266,-79.4440108,288,1438.58
SA_R1,9.0531266,-79.4440108,289,1438.58
SA_R1,9.0531266,-79.4440108,290,1438.58
SA_R1,9.0531266,-79.4440108,291,1438.58
SA_R1,9.0531337,-79.4440078,292,1439.44
SA_R1,9.05314,-79.4440076,293,1440.14
SA_R1,9.0531487,-79.4440113,294,1441.19
SA_R1,9.0531566,-79.444014,295,1442.12
SA_R1,9.0531668,-79.4440104,296,1443.31
SA_R1,9.0531681,-79.4440098,297,1443.48
SA_R1,9.0531697,-79.4440166,298,1444.25
SA_R1,9.0531771,-79.4440246,299,1445.46
SA_R1,9.0531785,-79.4440251,300,1445.62
SA_R1,9.0531785,-79.4440251,301,1445.62
SA_R1,9.0531785,-79.4440251,302,1445.62
SA_R1,9.0531785,-79.4440251,303,1445.62
SA_R1,9.0531785,-79.4440251,304,1445.62
SA_R1,9.0531785,-79.4440251,305,1445.62
SA_R1,9.0531785,-79.4440251,306,1445.62
SA_R1,9.0531785,-79.4440251,307,1445.62
SA_R1,9.0531785,-79.4440251,308,1445.62
SA_R1,9.0531753,-79.4440297,309,1446.24
SA_R1,9.0531807,-79.4440378,310,1447.32
SA_R1,9.0531938,-79.4440468,311,1449.08
SA_R1,9.0532116,-79.444056,312,1451.3
SA_R1,9.0532398,-79.444073,313,1454.95
SA_R1,9.0532779,-79.4440956,314,1459.86
SA_R1,9.0533338,-79.4441274,315,1467.0
SA_R1,9.053395,-79.4441623,316,1474.81
SA_R1,9.0534667,-79.4441958,317,1483.58
SA_R1,9.0535431,-79.4442347,318,1493.1
SA_R1,9.0536304,-79.4442777,319,1503.88
SA_R1,9.0537177,-79.4443238,320,1514.83
SA_R1,9.0538106,-79.4443703,321,1526.36
SA_R1,9.0539008,-79.4444164,322,1537.59
SA_R1,9.0539903,-79.4444551,323,1548.41
SA_R1,9.0540737,-79.4444878,324,1558.36
SA_R1,9.0541432,-79.4445108,325,1566.49
SA_R1,9.0541992,-79.4445336,326,1573.2
SA_R1,9.0542336,-79.4445471,327,1577.3
SA_R1,9.0542552,-79.4445532,328,1579.8
SA_R1,9.0542802,-79.4445628,329,1582.77
SA_R1,9.0543111,-79.4445762,330,1586.5
SA_R1,9.0543495,-79.4445922,331,1591.13
SA_R1,9.0543929,-79.4446139,332,1596.5
SA_R1,9.0544501,-79.4446392,333,1603.45
SA_R1,9.054513,-79.4446671,334,1611.08
SA_R1,9.0545773,-79.4446999,335,1619.08
SA_R1,9.0546464,-79.444739,336,1627.89
SA_R1,9.0547209,-79.4447779,337,1637.21
SA_R1,9.0548061,-79.4448169,338,1647.61
SA_R1,9.0548871,-79.4448599,339,1657.78
SA_R1,9.0549659,-79.4448971,340,1667.44
SA_R1,9.0550429,-79.4449354,341,1676.99
SA_R1,9.0551174,-79.4449722,342,1686.2
SA_R1,9.0551812,-79.4449963,343,1693.78
SA_R1,9.0552284,-79.4450204,344,1699.65
SA_R1,9.0552596,-79.4450324,345,1703.37
SA_R1,9.055273,-79.4450375,346,1704.95
SA_R1,9.0552717,-79.4450366,347,1705.13
SA_R1,9.0552717,-79.445037,348,1705.17
SA_R1,9.0552717,-79.445037,349,1705.17
SA_R1,9.0552717,-79.445037,350,1705.17
SA_R1,9.0552717,-79.445037,351,1705.17
SA_R1,9.0552717,-79.445037,352,1705.17
SA_R1,9.0552717,-79.445037,353,1705.17
SA_R1,9.0552717,-79.445037,354,1705.17
SA_R1,9.0552717,-79.445037,355,1705.17
SA_R1,9.0552717,-79.445037,356,1705.17
SA_R1,9.0552717,-79.445037,357,1705.17
SA_R1,9.0552706,-79.4450385,358,1705.37
SA_R1,9.0552805,-79.445044,359,1706.63
SA_R1,9.0552924,-79.4450503,360,1708.13
SA_R1,9.0553059,-79.445062,361,1710.1
SA_R1,9.0553235,-79.4450703,362,1712.27
SA_R1,9.0553417,-79.4450863,363,1714.95
SA_R1,9.0553634,-79.4450981,364,1717.68
SA_R1,9.0553867,-79.4451111,365,1720.64
SA_R1,9.0554106,-79.4451178,366,1723.4
SA_R1,9.0554359,-79.445128,367,1726.42
SA_R1,9.0554679,-79.4451475,368,1730.58
SA_R1,9.0555128,-79.4451676,369,1736.03
SA_R1,9.055564,-79.4451942,370,1742.43
SA_R1,9.0556265,-79.4452272,371,1750.28
SA_R1,9.0556942,-79.445256,372,1758.43
SA_R1,9.0557631,-79.4452914,373,1767.03
SA_R1,9.0558346,-79.4453235,374,1775.72
SA_R1,9.0559015,-79.4453519,375,1783.79
SA_R1,9.0559529,-79.4453747,376,1790.03
SA_R1,9.0559946,-79.4453975,377,1795.3
SA_R1,9.0560267,-79.445409,378,1799.08
SA_R1,9.0560561,-79.4454189,379,1802.53
SA_R1,9.0560798,-79.4454322,380,1805.54
SA_R1,9.0560972,-79.4454447,381,1807.91
SA_R1,9.0561045,-79.4454514,382,1809.01
SA_R1,9.0561101,-79.445448,383,1809.74
SA_R1,9.0561147,-79.4454477,384,1810.24
SA_R1,9.0561142,-79.4454408,385,1811.0
SA_R1,9.0561102,-79.4454401,386,1811.45
SA_R1,9.0561162,-79.4454394,387,1812.12
SA_R1,9.0561256,-79.4454364,388,1813.21
SA_R1,9.0561357,-79.4454284,389,1814.64
SA_R1,9.0561469,-79.4454169,390,1816.41
SA_R1,9.0561636,-79.4453947,391,1819.48
SA_R1,9.056176,-79.4453639,392,1823.12
SA_R1,9.0562018,-79.4453204,393,1828.71
SA_R1,9.0562311,-79.4452814,394,1834.09
SA_R1,9.0562607,-79.4452268,395,1840.92
SA_R1,9.0562913,-79.4451629,396,1848.72
SA_R1,9.0563223,-79.4450901,397,1857.42
SA_R1,9.056358,-79.4450182,398,1866.26
SA_R1,9.0563912,-79.444957,399,1873.93
SA_R1,9.0564162,-79.444908,400,1879.99
SA_R1,9.0564356,-79.4448679,401,1884.89
SA_R1,9.056456,-79.4448305,402,1889.58
SA_R1,9.0564761,-79.4447953,403,1894.05
SA_R1,9.0564943,-79.4447611,404,1898.31
SA_R1,9.0565136,-79.4447281,405,1902.52
SA_R1,9.0565313,-79.4446908,406,1907.07
SA_R1,9.0565557,-79.444643,407,1912.98
SA_R1,9.0565826,-79.4445949,408,1919.05
SA_R1,9.0566163,-79.4445451,409,1925.68
SA_R1,9.0566531,-79.4444863,410,1933.32
SA_R1,9.0566852,-79.4444171,411,1941.71
SA_R1,9.0567198,-79.4443497,412,1950.06
SA_R1,9.0567533,-79.4442859,413,1957.99
SA_R1,9.0567854,-79.4442186,414,1966.2
SA_R1,9.0568169,-79.4441471,415,1974.8
SA_R1,9.0568514,-79.4440802,416,1983.08
SA_R1,9.0568835,-79.4440096,417,1991.62
SA_R1,9.0569161,-79.4439531,418,1998.8
SA_R1,9.0569426,-79.4439047,419,2004.88
SA_R1,9.0569682,-79.44387,420,2009.63
SA_R1,9.0569823,-79.4438448,421,2012.82
SA_R1,9.0569947,-79.4438241,422,2015.48
SA_R1,9.0570041,-79.4438133,423,2017.06
SA_R1,9.0570184,-79.4437916,424,2019.92
SA_R1,9.0570347,-79.4437591,425,2023.93
SA_R1,9.0570628,-79.4437261,426,2028.7
SA_R1,9.0570743,-79.4437022,427,2031.62
SA_R1,9.0570762,-79.4436922,428,2032.75
SA_R1,9.0570817,-79.4436879,429,2033.51
SA_R1,9.0570815,-79.4436869,430,2033.63
SA_R1,9.0570815,-79.4436869,431,2033.63
SA_R1,9.0570815,-79.4436869,432,2033.63
SA_R1,9.0570815,-79.4436869,433,2033.63
SA_R1,9.0570815,-79.4436869,434,2033.63
SA_R1,9.0570815,-79.4436869,435,2033.63
SA_R1,9.0570815,-79.4436869,436,2033.63
SA_R1,9.0570815,-79.4436869,437,2033.63
SA_R1,9.0570815,-79.4436869,438,2033.63
SA_R1,9.0570815,-79.4436869,439,2033.63
SA_R1,9.0570782,-79.4436827,440,2034.21
SA_R1,9.057084,-79.4436668,441,2036.07
SA_R1,9.057091,-79.4436429,442,2038.81
SA_R1,9.0571056,-79.4436135,443,2042.41
SA_R1,9.0571265,-79.4435729,444,2047.45
SA_R1,9.0571523,-79.443526,445,2053.35
SA_R1,9.0571851,-79.4434742,446,2060.09
SA_R1,9.0572251,-79.4434174,447,2067.76
SA_R1,9.0572624,-79.4433532,448,2075.94
SA_R1,9.0573121,-79.4432793,449,2085.76
SA_R1,9.0573635,-79.443203,450,2095.9
SA_R1,9.0574169,-79.4431251,451,2106.31
SA_R1,9.0574617,-79.4430442,452,2116.49
SA_R1,9.0575214,-79.4429598,453,2127.9
SA_R1,9.0575753,-79.4428963,454,2137.09
SA_R1,9.057618,-79.4428431,455,2144.62
SA_R1,9.0576504,-79.442801,456,2150.48
SA_R1,9.0576706,-79.4427767,457,2153.97
SA_R1,9.0576833,-79.4427564,458,2156.6
SA_R1,9.0576946,-79.4427362,459,2159.15
SA_R1,9.057705,-79.4427223,460,2161.07
SA_R1,9.057715,-79.4427067,461,2163.11
SA_R1,9.0577287,-79.4426884,462,2165.64
SA_R1,9.0577481,-79.4426599,463,2169.43
SA_R1,9.057779,-79.4426257,464,2174.53
SA_R1,9.0578209,-79.4425878,465,2180.77
SA_R1,9.0578573,-79.4425415,466,2187.27
SA_R1,9.0579073,-79.4424916,467,2195.07
SA_R1,9.057956,-79.4424387,468,2203.02
SA_R1,9.0580102,-79.4423857,469,2211.4
SA_R1,9.0580643,-79.4423409,470,2219.17
SA_R1,9.0581178,-79.4422898,471,2227.34
SA_R1,9.0581686,-79.4422316,472,2235.87
SA_R1,9.0582077,-79.4421806,473,2242.97
SA_R1,9.0582414,-79.4421466,474,2248.26
SA_R1,9.058274,-79.4421004,475,2254.48
SA_R1,9.0583092,-79.4420638,476,2260.1
SA_R1,9.0583229,-79.4420501,477,2262.24
SA_R1,9.0583311,-79.4420408,478,2263.61
SA_R1,9.0583254,-79.4420424,479,2264.26
SA_R1,9.0583254,-79.4420419,480,2264.31
SA_R1,9.0583254,-79.4420419,481,2264.31
SA_R1,9.0583254,-79.4420419,482,2264.31
SA_R1,9.0583254,-79.4420419,483,2264.31
SA_R1,9.0583254,-79.4420419,484,2264.31
SA_R1,9.0583254,-79.4420419,485,2264.31
SA_R1,9.0583254,-79.4420419,486,2264.31
SA_R1,9.0583204,-79.4420397,487,2264.92
SA_R1,9.0583206,-79.4420399,488,2264.94
SA_R1,9.0583206,-79.4420399,489,2264.94
SA_R1,9.0583206,-79.4420399,490,2264.94
SA_R1,9.0583206,-79.4420399,491,2264.94
SA_R1,9.0583206,-79.4420399,492,2264.94
SA_R1,9.0583206,-79.4420399,493,2264.94
SA_R1,9.0583268,-79.4420365,494,2265.72
SA_R1,9.0583433,-79.4420324,495,2267.62
SA_R1,9.0583559,-79.4420162,496,2269.88
SA_R1,9.0583743,-79.4419968,497,2272.84
SA_R1,9.0584151,-79.4419705,498,2278.21
SA_R1,9.0584604,-79.4419286,499,2285.03
SA_R1,9.0585097,-79.4418824,500,2292.5
SA_R1,9.0585746,-79.4418337,501,2301.49
SA_R1,9.0586417,-79.4417855,502,2310.63
SA_R1,9.0587056,-79.4417273,503,2320.19
SA_R1,9.0587666,-79.4416623,504,2330.04
SA_R1,9.0588322,-79.441592,505,2340.66
SA_R1,9.0588945,-79.4415206,506,2351.12
SA_R1,9.0589594,-79.4414415,507,2362.41
SA_R1,9.059027,-79.441365,508,2373.68
SA_R1,9.0591009,-79.4412898,509,2385.33
SA_R1,9.0591732,-79.4412105,510,2397.19
SA_R1,9.0592479,-79.4411303,511,2409.29
SA_R1,9.0593169,-79.4410515,512,2420.85
SA_R1,9.0593826,-79.4409818,513,2431.44
SA_R1,9.0594495,-79.4409032,514,2442.83
SA_R1,9.059513,-79.4408252,515,2453.93
SA_R1,9.0595721,-79.4407541,516,2464.14
SA_R1,9.0596372,-79.4406946,517,2473.89
SA_R1,9.0596963,-79.4406324,518,2483.36
SA_R1,9.0597434,-79.4405726,519,2491.77
SA_R1,9.0597929,-79.440522,520,2499.59
SA_R1,9.0598428,-79.4404557,521,2508.73
SA_R1,9.0598932,-79.4403964,522,2517.33
SA_R1,9.0599505,-79.4403377,523,2526.39
SA_R1,9.0600029,-79.4402778,524,2535.18
SA_R1,9.0600584,-79.4402133,525,2544.58
SA_R1,9.0601143,-79.440155,526,2553.5
SA_R1,9.0601745,-79.4400968,527,2562.75
SA_R1,9.0602355,-79.4400379,528,2572.13
SA_R1,9.0602879,-79.4399792,529,2580.82
SA_R1,9.0603341,-79.439926,530,2588.59
SA_R1,9.0603726,-79.4398787,531,2595.32
SA_R1,9.0604068,-79.4398389,532,2601.12
SA_R1,9.060436,-79.4398059,533,2605.98
SA_R1,9.0604596,-79.4397805,534,2609.81
SA_R1,9.0604889,-79.4397497,535,2614.51
SA_R1,9.0605228,-79.4397188,536,2619.58
SA_R1,9.0605577,-79.4396817,537,2625.21
SA_R1,9.0605921,-79.4396438,538,2630.86
SA_R1,9.060626,-79.4395925,539,2637.64
SA_R1,9.060678,-79.4395293,540,2646.67
SA_R1,9.0607337,-79.4394601,541,2656.48
SA_R1,9.0607875,-79.4393922,542,2666.04
SA_R1,9.0608456,-79.4393257,543,2675.78
SA_R1,9.0609093,-79.4392569,544,2686.14
SA_R1,9.060977,-79.4391836,545,2697.16
SA_R1,9.0610467,-79.439108,546,2708.51
SA_R1,9.0611172,-79.4390339,547,2719.81
SA_R1,9.061185,-79.4389577,548,2731.08
SA_R1,9.0612507,-79.4388829,549,2742.07
SA_R1,9.0613147,-79.4388043,550,2753.25
SA_R1,9.0613865,-79.4387225,551,2765.27
SA_R1,9.0614551,-79.4386476,552,2776.49
SA_R1,9.0615183,-79.4385769,553,2786.96
SA_R1,9.0615821,-79.4385092,554,2797.24
SA_R1,9.0616464,-79.4384421,555,2807.5
SA_R1,9.061702,-79.4383734,556,2817.25
SA_R1,9.0617625,-79.4383081,557,2827.09
SA_R1,9.0618197,-79.4382397,558,2836.94
SA_R1,9.0618767,-79.4381768,559,2846.31
SA_R1,9.0619319,-79.4381097,560,2855.9
SA_R1,9.0619929,-79.438049,561,2865.41
SA_R1,9.062047,-79.4379885,562,2874.37
SA_R1,9.062097,-79.4379275,563,2883.08
SA_R1,9.0621493,-79.4378673,564,2891.87
SA_R1,9.0621985,-79.4378117,565,2900.08
SA_R1,9.0622473,-79.43776,566,2907.92
SA_R1,9.0623011,-79.437715,567,2915.69
SA_R1,9.0623504,-79.4376866,568,2921.99
SA_R1,9.0623951,-79.437674,569,2927.15
SA_R1,9.0624355,-79.4376675,570,2931.7
SA_R1,9.0624774,-79.4376604,571,2936.43
SA_R1,9.0625103,-79.4376556,572,2940.13
SA_R1,9.0625304,-79.4376536,573,2942.37
SA_R1,9.0625409,-79.4376542,574,2943.54
SA_R1,9.0625388,-79.4376589,575,2944.1
SA_R1,9.0625388,-79.4376589,576,2944.1
SA_R1,9.0625388,-79.4376589,577,2944.1
SA_R1,9.0625388,-79.4376589,578,2944.1
SA_R1,9.0625388,-79.4376589,579,2944.1
SA_R1,9.0625381,-79.43766,580,2944.25
SA_R1,9.0625359,-79.4376639,581,2944.74
SA_R1,9.0625406,-79.4376637,582,2945.26
SA_R1,9.0625572,-79.4376639,583,2947.11
SA_R1,9.0625795,-79.4376583,584,2949.67
SA_R1,9.0626048,-79.437657,585,2952.49
SA_R1,9.0626406,-79.4376513,586,2956.52
SA_R1,9.0626819,-79.4376412,587,2961.24
SA_R1,9.0627308,-79.4376398,588,2966.68
SA_R1,9.062785,-79.4376466,589,2972.75
SA_R1,9.0628419,-79.4376633,590,2979.34
SA_R1,9.0628903,-79.4376865,591,2985.3
SA_R1,9.0629455,-79.4377128,592,2992.07
SA_R1,9.0630045,-79.4377412,593,2999.34
SA_R1,9.0630679,-79.4377625,594,3006.77
SA_R1,9.0631382,-79.4377947,595,3015.34
SA_R1,9.063214,-79.4378301,596,3024.64
SA_R1,9.0632953,-79.4378684,597,3034.61
SA_R1,9.0633698,-79.4379047,598,3043.8
SA_R1,9.0634415,-79.4379382,599,3052.58
SA_R1,9.063516,-79.4379791,600,3062.0
SA_R1,9.0635869,-79.4380136,601,3070.75
SA_R1,9.063663,-79.4380509,602,3080.15
SA_R1,9.0637368,-79.4380829,603,3089.07
SA_R1,9.0638044,-79.4381237,604,3097.82
SA_R1,9.0638686,-79.4381512,605,3105.57
SA_R1,9.0639298,-79.4381796,606,3113.07
SA_R1,9.0639911,-79.438211,607,3120.7
SA_R1,9.0640533,-79.4382396,608,3128.3
SA_R1,9.064105,-79.4382614,609,3134.52
SA_R1,9.0641421,-79.4382808,610,3139.16
SA_R1,9.0641693,-79.4382977,611,3142.71
SA_R1,9.0641872,-79.4383027,612,3144.77
SA_R1,9.0641949,-79.4383014,613,3145.64
SA_R1,9.0641945,-79.4382978,614,3146.04
SA_R1,9.0641945,-79.4382978,615,3146.04
SA_R1,9.0641945,-79.4382978,616,3146.04
SA_R1,9.0641945,-79.4382978,617,3146.04
SA_R1,9.0641945,-79.4382978,618,3146.04
SA_R1,9.0641945,-79.4382978,619,3146.04
SA_R1,9.0641945,-79.4382978,620,3146.04
SA_R1,9.0641945,-79.4382978,621,3146.04
SA_R1,9.0641945,-79.4382978,622,3146.04
SA_R1,9.0641945,-79.4382978,623,3146.04
SA_R1,9.0641945,-79.4382978,624,3146.04
SA_R1,9.0641945,-79.4382978,625,3146.04
SA_R1,9.0641945,-79.4382978,626,3146.04
SA_R1,9.0641945,-79.4382978,627,3146.04
SA_R1,9.0641945,-79.4382978,628,3146.04
SA_R1,9.0641945,-79.4382978,629,3146.04
SA_R1,9.0641973,-79.4383029,630,3146.69
SA_R1,9.0642144,-79.438316,631,3149.07
SA_R1,9.0642328,-79.4383344,632,3151.95
SA_R1,9.0642629,-79.4383552,633,3156.0
SA_R1,9.0643003,-79.4383765,634,3160.77
SA_R1,9.0643431,-79.4384042,635,3166.41
SA_R1,9.0643927,-79.4384244,636,3172.36
SA_R1,9.0644475,-79.4384573,637,3179.44
SA_R1,9.0645214,-79.438494,638,3188.59
SA_R1,9.0646063,-79.4385315,639,3198.89
SA_R1,9.0646929,-79.4385699,640,3209.41
SA_R1,9.0647845,-79.4386107,641,3220.53
SA_R1,9.0648723,-79.4386549,642,3231.44
SA_R1,9.0649609,-79.4387008,643,3242.51
SA_R1,9.0650464,-79.4387406,644,3252.97
SA_R1,9.0651222,-79.4387868,645,3262.81
SA_R1,9.0652001,-79.4388323,646,3272.8
SA_R1,9.0652832,-79.4388631,647,3282.64
SA_R1,9.0653673,-79.4388988,648,3292.79
SA_R1,9.0654614,-79.4389125,649,3303.35
SA_R1,9.0655631,-79.4389222,650,3314.71
SA_R1,9.0656703,-79.4389253,651,3326.64
SA_R1,9.0657762,-79.4389319,652,3338.44
SA_R1,9.0658841,-79.4389393,653,3350.46
SA_R1,9.0659867,-79.4389406,654,3361.87
SA_R1,9.0660906,-79.4389381,655,3373.43
SA_R1,9.0661911,-79.4389292,656,3384.65
SA_R1,9.0662879,-79.4389255,657,3395.41
SA_R1,9.0663773,-79.4389203,658,3405.37
SA_R1,9.0664602,-79.4389244,659,3414.6
SA_R1,9.0665472,-79.4389358,660,3424.35
SA_R1,9.0666259,-79.4389439,661,3433.15
SA_R1,9.0666967,-79.4389515,662,3441.08
SA_R1,9.0667472,-79.4389548,663,3446.7
SA_R1,9.0667805,-79.4389581,664,3450.41
SA_R1,9.0667977,-79.4389627,665,3452.4
SA_R1,9.0667975,-79.4389623,666,3452.44
SA_R1,9.0667975,-79.4389623,667,3452.44
SA_R1,9.0667975,-79.4389623,668,3452.44
SA_R1,9.0667975,-79.4389623,669,3452.44
SA_R1,9.0667975,-79.4389623,670,3452.44
SA_R1,9.0667975,-79.4389623,671,3452.44
SA_R1,9.0667975,-79.4389623,672,3452.44
SA_R1,9.0667975,-79.4389623,673,3452.44
SA_R1,9.0667975,-79.4389623,674,3452.44
SA_R1,9.0667975,-79.4389623,675,3452.44
SA_R1,9.0667975,-79.4389623,676,3452.44
SA_R1,9.0667975,-79.4389623,677,3452.44
SA_R1,9.0667988,-79.4389645,678,3452.72
SA_R1,9.0668106,-79.438965,679,3454.04
SA_R1,9.0668263,-79.4389677,680,3455.81
SA_R1,9.0668491,-79.4389733,681,3458.42
SA_R1,9.0668855,-79.4389894,682,3462.84
SA_R1,9.0669349,-79.4390061,683,3468.62
SA_R1,9.0669747,-79.4390246,684,3473.5
SA_R1,9.0670094,-79.4390385,685,3477.64
SA_R1,9.0670426,-79.4390517,686,3481.61
SA_R1,9.0670742,-79.4390676,687,3485.53
SA_R1,9.0671104,-79.4390834,688,3489.92
SA_R1,9.0671505,-79.4391029,689,3494.86
SA_R1,9.0671981,-79.4391179,690,3500.4
SA_R1,9.0672584,-79.4391441,691,3507.7
SA_R1,9.0673235,-79.439171,692,3515.52
SA_R1,9.0673924,-79.4391985,693,3523.76
SA_R1,9.0674638,-79.4392303,694,3532.42
SA_R1,9.0675446,-79.4392654,695,3542.2
SA_R1,9.0676309,-79.4393029,696,3552.65
SA_R1,9.0677171,-79.439334,697,3562.82
SA_R1,9.0678031,-79.4393622,698,3572.88
SA_R1,9.0678909,-79.4393799,699,3582.83
SA_R1,9.0679823,-79.4393871,700,3593.02
SA_R1,9.0680783,-79.4393986,701,3603.77
SA_R1,9.0681778,-79.4394035,702,3614.85
SA_R1,9.0682703,-79.4394081,703,3625.15
SA_R1,9.0683613,-79.4394156,704,3635.3
SA_R1,9.0684426,-79.4394177,705,3644.33
SA_R1,9.068522,-79.4394269,706,3653.23
SA_R1,9.0686009,-79.4394342,707,3662.03
SA_R1,9.0686864,-79.4394399,708,3671.57
SA_R1,9.0687707,-79.439451,709,3681.01
SA_R1,9.0688571,-79.4394605,710,3690.67
SA_R1,9.0689495,-79.4394775,711,3701.13
SA_R1,9.0690314,-79.4394956,712,3710.44
SA_R1,9.0691138,-79.4395306,713,3720.38
SA_R1,9.0691853,-79.4395761,714,3729.77
SA_R1,9.069245,-79.4396373,715,3739.21
SA_R1,9.0692912,-79.4396948,716,3747.36
SA_R1,9.0693384,-79.439754,717,3755.71
SA_R1,9.0693709,-79.4398074,718,3762.6
SA_R1,9.0694088,-79.4398659,719,3770.28
SA_R1,9.0694472,-79.4399294,720,3778.45
SA_R1,9.06949,-79.4399875,721,3786.42
SA_R1,9.0695346,-79.4400485,722,3794.74
SA_R1,9.0695787,-79.4401152,723,3803.56
SA_R1,9.0696274,-79.4401859,724,3813.03
SA_R1,9.0696822,-79.4402613,725,3823.31
SA_R1,9.0697371,-79.4403441,726,3834.26
SA_R1,9.0697894,-79.4404317,727,3845.5
SA_R1,9.0698476,-79.4405158,728,3856.78
SA_R1,9.0699035,-79.44061,729,3868.84
SA_R1,9.069963,-79.4407101,730,3881.68
SA_R1,9.0700232,-79.4408016,731,3893.75
SA_R1,9.0700838,-79.4408947,732,3905.99
SA_R1,9.0701429,-79.440986,733,3917.98
SA_R1,9.0701985,-79.4410694,734,3929.03
SA_R1,9.0702521,-79.441154,735,3940.07
SA_R1,9.0703046,-79.4412371,736,3950.9
SA_R1,9.070357,-79.4413198,737,3961.69
SA_R1,9.0704016,-79.4413949,738,3971.3
SA_R1,9.0704429,-79.4414565,739,3979.48
SA_R1,9.0704752,-79.4415018,740,3985.62
SA_R1,9.0704963,-79.4415375,741,3990.19
SA_R1,9.0705108,-79.441554,742,3992.61
SA_R1,9.0705158,-79.4415683,743,3994.27
SA_R1,9.0705148,-79.4415671,744,3994.44
SA_R1,9.0705148,-79.4415671,745,3994.44
SA_R1,9.0705148,-79.4415671,746,3994.44
SA_R1,9.0705148,-79.4415671,747,3994.44
SA_R1,9.0705148,-79.4415671,748,3994.44
SA_R1,9.0705148,-79.4415671,749,3994.44
SA_R1,9.0705148,-79.4415671,750,3994.44
SA_R1,9.0705148,-79.4415671,751,3994.44
SA_R1,9.0705148,-79.4415671,752,3994.44
SA_R1,9.0705148,-79.4415671,753,3994.44
SA_R1,9.0705133,-79.4415654,754,3994.69
SA_R1,9.0705199,-79.4415769,755,3996.15
SA_R1,9.0705267,-79.4415963,756,3998.41
SA_R1,9.0705365,-79.4416176,757,4000.99
SA_R1,9.0705503,-79.4416431,758,4004.19
SA_R1,9.0705608,-79.4416736,759,4007.72
SA_R1,9.0705709,-79.4417047,760,4011.33
SA_R1,9.0705835,-79.4417344,761,4014.88
SA_R1,9.0705952,-79.441768,762,4018.79
SA_R1,9.0706131,-79.4418092,763,4023.73
SA_R1,9.0706292,-79.4418555,764,4029.12
SA_R1,9.0706424,-79.4419025,765,4034.49
SA_R1,9.0706506,-79.44195,766,4039.78
SA_R1,9.0706631,-79.4419973,767,4045.15
SA_R1,9.0706719,-79.4420389,768,4049.83
SA_R1,9.0706753,-79.4420773,769,4054.06
SA_R1,9.0706794,-79.4421112,770,4057.81
SA_R1,9.0706859,-79.4421415,771,4061.22
SA_R1,9.0706902,-79.4421719,772,4064.58
SA_R1,9.0706943,-79.4422042,773,4068.17
SA_R1,9.0706967,-79.4422258,774,4070.55
SA_R1,9.0707,-79.4422511,775,4073.35
SA_R1,9.0707083,-79.4422761,776,4076.24
SA_R1,9.0707138,-79.4422976,777,4078.68
SA_R1,9.0707223,-79.4423237,778,4081.71
SA_R1,9.070728,-79.4423507,779,4084.74
SA_R1,9.0707377,-79.4423819,780,4088.33
SA_R1,9.0707529,-79.4424132,781,4092.16
SA_R1,9.0707773,-79.4424496,782,4096.98
SA_R1,9.0708189,-79.4424864,783,4103.13
SA_R1,9.0708708,-79.4425166,784,4109.79
SA_R1,9.0709163,-79.4425625,785,4116.92
SA_R1,9.0709625,-79.4426073,786,4124.04
SA_R1,9.0710039,-79.4426579,787,4131.25
SA_R1,9.0710471,-79.4426991,788,4137.86
SA_R1,9.0710948,-79.4427292,789,4144.1
SA_R1,9.071152,-79.4427446,790,4150.69
SA_R1,9.0712253,-79.4427508,791,4158.86
SA_R1,9.0713062,-79.4427512,792,4167.86
SA_R1,9.0713902,-79.4427512,793,4177.2
SA_R1,9.0714778,-79.4427508,794,4186.94
SA_R1,9.0715704,-79.4427469,795,4197.24
SA_R1,9.0716675,-79.4427509,796,4208.05
SA_R1,9.0717631,-79.4427581,797,4218.71
SA_R1,9.0718557,-79.4427635,798,4229.02
SA_R1,9.071947,-79.4427707,799,4239.21
SA_R1,9.0720338,-79.442778,800,4248.9
SA_R1,9.0721024,-79.4427832,801,4256.54
SA_R1,9.0721598,-79.4427884,802,4262.95
SA_R1,9.0722059,-79.4427929,803,4268.1
SA_R1,9.0722495,-79.4427954,804,4272.96
SA_R1,9.0722817,-79.4427967,805,4276.54
SA_R1,9.0723155,-79.442797,806,4280.3
SA_R1,9.0723566,-79.4428056,807,4284.97
SA_R1,9.0724019,-79.4428168,808,4290.15
SA_R1,9.0724494,-79.4428194,809,4295.44
SA_R1,9.0725047,-79.4428196,810,4301.59
SA_R1,9.0725656,-79.4428247,811,4308.39
SA_R1,9.0726339,-79.44283,812,4316.0
SA_R1,9.0727141,-79.4428319,813,4324.92
SA_R1,9.072795,-79.4428393,814,4333.96
SA_R1,9.0728746,-79.4428473,815,4342.85
SA_R1,9.0729629,-79.4428528,816,4352.68
SA_R1,9.07305,-79.4428637,817,4362.44
SA_R1,9.0731283,-79.4428703,818,4371.17
SA_R1,9.073202,-79.4428778,819,4379.42
SA_R1,9.0732776,-79.4428802,820,4387.83
SA_R1,9.0733609,-79.4428814,821,4397.08
SA_R1,9.0734267,-79.4428854,822,4404.41
SA_R1,9.0734791,-79.4428871,823,4410.25
SA_R1,9.0735187,-79.4428943,824,4414.72
SA_R1,9.0735466,-79.4428949,825,4417.82
SA_R1,9.0735745,-79.4428921,826,4420.94
SA_R1,9.0736029,-79.4428864,827,4424.16
SA_R1,9.0736386,-79.4428858,828,4428.14
SA_R1,9.0736839,-79.4428984,829,4433.35
SA_R1,9.0737435,-79.4429015,830,4439.99
SA_R1,9.0738077,-79.4429065,831,4447.15
SA_R1,9.0738852,-79.4429147,832,4455.82
SA_R1,9.0739573,-79.4429172,833,4463.84
SA_R1,9.0740213,-79.44292,834,4470.96
SA_R1,9.0740774,-79.4429163,835,4477.21
SA_R1,9.0741281,-79.4429114,836,4482.88
SA_R1,9.0741749,-79.4429092,837,4488.08
SA_R1,9.0742226,-79.4429087,838,4493.38
SA_R1,9.0742619,-79.4429053,839,4497.77
SA_R1,9.074287,-79.4429079,840,4500.58
SA_R1,9.0742988,-79.4429077,841,4501.9
SA_R1,9.0743004,-79.442904,842,4502.34
SA_R1,9.0742979,-79.4429047,843,4502.62
SA_R1,9.0742979,-79.4429047,844,4502.62
SA_R1,9.0742979,-79.4429047,845,4502.62
SA_R1,9.0742979,-79.4429047,846,4502.62
SA_R1,9.0742979,-79.4429047,847,4502.62
SA_R1,9.0742979,-79.4429047,848,4502.62
SA_R1,9.0742979,-79.4429047,849,4502.62
SA_R1,9.0742979,-79.4429047,850,4502.62
SA_R1,9.0742979,-79.4429047,851,4502.62
SA_R1,9.0742979,-79.4429047,852,4502.62
SA_R1,9.0742979,-79.4429047,853,4502.62
SA_R1,9.0743017,-79.4429039,854,4503.05
SA_R1,9.0743153,-79.4429038,855,4504.57
SA_R1,9.0743326,-79.4429054,856,4506.5
SA_R1,9.074356,-79.4429104,857,4509.15
SA_R1,9.0743911,-79.4429164,858,4513.11
SA_R1,9.0744463,-79.442928,859,4519.38
SA_R1,9.0745171,-79.4429346,860,4527.28
SA_R1,9.0745882,-79.4429391,861,4535.21
SA_R1,9.0746613,-79.4429422,862,4543.34
SA_R1,9.0747408,-79.4429489,863,4552.22
SA_R1,9.0748152,-79.4429537,864,4560.51
SA_R1,9.0748852,-79.4429596,865,4568.31
SA_R1,9.0749491,-79.4429587,866,4575.42
SA_R1,9.0749957,-79.4429655,867,4580.66
SA_R1,9.0750233,-79.4429627,868,4583.74
SA_R1,9.0750476,-79.4429638,869,4586.45
SA_R1,9.0750801,-79.442963,870,4590.06
SA_R1,9.0751176,-79.4429621,871,4594.23
SA_R1,9.0751564,-79.4429638,872,4598.55
SA_R1,9.0752061,-79.4429665,873,4604.09
SA_R1,9.075261,-79.442976,874,4610.28
SA_R1,9.0753316,-79.4429963,875,4618.44
SA_R1,9.0753936,-79.4430217,876,4625.87
SA_R1,9.0754657,-79.4430405,877,4634.15
SA_R1,9.07554,-79.4430572,878,4642.62
SA_R1,9.0756234,-79.4430643,879,4651.92
SA_R1,9.0757105,-79.4430722,880,4661.65
SA_R1,9.0758026,-79.4430847,881,4671.98
SA_R1,9.0759009,-79.4431077,882,4683.2
SA_R1,9.0760062,-79.4431357,883,4695.3
SA_R1,9.0761077,-79.4431624,884,4706.97
SA_R1,9.0762092,-79.4431862,885,4718.55
SA_R1,9.0763127,-79.4432119,886,4730.4
SA_R1,9.0763956,-79.4432347,887,4739.95
SA_R1,9.0764698,-79.4432532,888,4748.45
SA_R1,9.0765425,-79.4432653,889,4756.64
SA_R1,9.0766137,-79.4432798,890,4764.72
SA_R1,9.0766733,-79.4433013,891,4771.75
SA_R1,9.0767215,-79.4433164,892,4777.37
SA_R1,9.0767606,-79.4433286,893,4781.91
SA_R1,9.0767734,-79.4433343,894,4783.46
SA_R1,9.0767715,-79.4433359,895,4783.75
SA_R1,9.0767749,-79.4433429,896,4784.6
SA_R1,9.0767751,-79.443343,897,4784.63
SA_R1,9.0767751,-79.443343,898,4784.63
SA_R1,9.0767751,-79.443343,899,4784.63
SA_R1,9.0767751,-79.443343,900,4784.63
SA_R1,9.0767751,-79.443343,901,4784.63
SA_R1,9.0767751,-79.443343,902,4784.63
SA_R1,9.0767751,-79.443343,903,4784.63
SA_R1,9.0767751,-79.443343,904,4784.63
SA_R1,9.0767751,-79.443343,905,4784.63
SA_R1,9.0767751,-79.443343,906,4784.63
SA_R1,9.0767756,-79.4433441,907,4784.76
SA_R1,9.0767793,-79.4433448,908,4785.19
SA_R1,9.0767952,-79.4433504,909,4787.05
SA_R1,9.0768185,-79.4433658,910,4790.14
SA_R1,9.0768456,-79.443377,911,4793.4
SA_R1,9.0768849,-79.4434026,912,4798.6
SA_R1,9.0769382,-79.4434349,913,4805.5
SA_R1,9.0769867,-79.4434711,914,4812.21
SA_R1,9.0770405,-79.4435106,915,4819.6
SA_R1,9.0770942,-79.4435605,916,4827.7
SA_R1,9.0771475,-79.4436056,917,4835.42
SA_R1,9.0772042,-79.443668,918,4844.74
SA_R1,9.0772564,-79.4437487,919,4855.33
SA_R1,9.077302,-79.443831,920,4865.69
SA_R1,9.0773312,-79.4439148,921,4875.45
SA_R1,9.0773541,-79.4439909,922,4884.18
SA_R1,9.0773672,-79.4440735,923,4893.36
SA_R1,9.0773745,-79.44417,924,4904.0
SA_R1,9.0773742,-79.4442678,925,4914.74
SA_R1,9.0773541,-79.4443667,926,4925.82
SA_R1,9.0773216,-79.4444531,927,4935.97
SA_R1,9.0772843,-79.4445398,928,4946.36
SA_R1,9.0772341,-79.4446143,929,4956.26
SA_R1,9.0771739,-79.4446876,930,4966.73
SA_R1,9.0770999,-79.4447548,931,4977.78
SA_R1,9.0770268,-79.4448171,932,4988.41
SA_R1,9.0769477,-79.4448661,933,4998.72
SA_R1,9.0768657,-79.4449062,934,5008.84
SA_R1,9.0767749,-79.4449413,935,5019.65
SA_R1,9.0766684,-79.4449564,936,5031.61
SA_R1,9.0765567,-79.4449642,937,5044.06
SA_R1,9.0764428,-79.4449632,938,5056.72
SA_R1,9.0763389,-79.4449507,939,5068.36
SA_R1,9.0762328,-79.4449389,940,5080.23
SA_R1,9.0761269,-79.4449281,941,5092.06
SA_R1,9.076026,-79.4449236,942,5103.29
SA_R1,9.0759353,-79.4449218,943,5113.38
SA_R1,9.0758562,-79.4449187,944,5122.18
SA_R1,9.0757906,-79.4449216,945,5129.48
SA_R1,9.0757393,-79.4449234,946,5135.19
SA_R1,9.0756943,-79.4449229,947,5140.19
SA_R1,9.0756669,-79.4449209,948,5143.25
SA_R1,9.075657,-79.4449234,949,5144.39
SA_R1,9.0756547,-79.4449248,950,5144.68
SA_R1,9.0756566,-79.4449233,951,5144.95
SA_R1,9.0756567,-79.4449233,952,5144.95
SA_R1,9.0756567,-79.4449233,953,5144.95
SA_R1,9.0756567,-79.4449233,954,5144.95
SA_R1,9.0756567,-79.4449233,955,5144.95
SA_R1,9.0756567,-79.4449233,956,5144.95
SA_R1,9.0756552,-79.4449212,957,5145.23
SA_R1,9.0756539,-79.4449199,958,5145.44
SA_R1,9.0756539,-79.4449199,959,5145.44
SA_R1,9.0756539,-79.4449199,960,5145.44
SA_R1,9.0756539,-79.4449199,961,5145.44
SA_R1,9.0756434,-79.4449197,962,5146.61
SA_R1,9.0756291,-79.4449213,963,5148.21
SA_R1,9.0756059,-79.4449229,964,5150.78
SA_R1,9.0755777,-79.4449262,965,5153.95
SA_R1,9.0755381,-79.4449295,966,5158.36
SA_R1,9.0754797,-79.4449374,967,5164.91
SA_R1,9.0754148,-79.4449469,968,5172.21
SA_R1,9.07534,-79.444962,969,5180.69
SA_R1,9.0752656,-79.4449687,970,5189.0
SA_R1,9.0751863,-79.4449707,971,5197.81
SA_R1,9.075105,-79.4449713,972,5206.85
SA_R1,9.075006,-79.4449768,973,5217.88
SA_R1,9.0748959,-79.444968,974,5230.16
SA_R1,9.074781,-79.4449559,975,5243.0
SA_R1,9.074661,-79.4449417,976,5256.44
SA_R1,9.0745545,-79.4449283,977,5268.37
SA_R1,9.0744453,-79.4449182,978,5280.57
SA_R1,9.0743485,-79.4449076,979,5291.39
SA_R1,9.0742614,-79.444903,980,5301.09
SA_R1,9.0741817,-79.4448946,981,5310.0
SA_R1,9.074121,-79.4448851,982,5316.83
SA_R1,9.0740714,-79.4448738,983,5322.48
SA_R1,9.0740494,-79.4448793,984,5325.0
SA_R1,9.0740512,-79.4448804,985,5325.23
SA_R1,9.0740597,-79.4448775,986,5326.23
SA_R1,9.0740597,-79.4448775,987,5326.23
SA_R1,9.0740597,-79.4448775,988,5326.23
SA_R1,9.0740597,-79.4448775,989,5326.23
SA_R1,9.0740597,-79.4448775,990,5326.23
SA_R1,9.0740597,-79.4448775,991,5326.23
SA_R1,9.0740597,-79.4448775,992,5326.23
SA_R1,9.0740597,-79.4448775,993,5326.23
SA_R1,9.0740597,-79.4448775,994,5326.23
SA_R1,9.0740537,-79.4448813,995,5327.01
SA_R1,9.0740474,-79.4448772,996,5327.85
SA_R1,9.0740322,-79.4448775,997,5329.54
SA_R1,9.074011,-79.4448765,998,5331.9
SA_R1,9.0739814,-79.4448761,999,5335.19
SA_R1,9.0739514,-79.4448745,1000,5338.53
SA_R1,9.0739205,-79.4448766,1001,5341.98
SA_R1,9.0738848,-79.4448757,1002,5345.95
SA_R1,9.073849,-79.4448767,1003,5349.93
SA_R1,9.0738135,-79.4448775,1004,5353.88
SA_R1,9.0737787,-79.4448741,1005,5357.76
SA_R1,9.0737456,-79.4448683,1006,5361.5
SA_R1,9.0737141,-79.4448655,1007,5365.01
SA_R1,9.0736919,-79.4448662,1008,5367.48
SA_R1,9.0736712,-79.4448669,1009,5369.78
SA_R1,9.073655,-79.4448625,1010,5371.65
SA_R1,9.073633,-79.4448594,1011,5374.12
SA_R1,9.0736075,-79.4448601,1012,5376.96
SA_R1,9.0735806,-79.4448568,1013,5379.97
SA_R1,9.0735561,-79.4448565,1014,5382.69
SA_R1,9.0735339,-79.4448567,1015,5385.17
SA_R1,9.0735055,-79.4448572,1016,5388.32
SA_R1,9.0734725,-79.4448541,1017,5392.01
SA_R1,9.0734356,-79.4448443,1018,5396.25
SA_R1,9.0734029,-79.4448403,1019,5399.91
SA_R1,9.0733656,-79.4448343,1020,5404.11
SA_R1,9.0733275,-79.4448304,1021,5408.37
SA_R1,9.0732904,-79.4448324,1022,5412.5
SA_R1,9.0732498,-79.4448344,1023,5417.01
SA_R1,9.0732062,-79.4448414,1024,5421.93
SA_R1,9.073163,-79.4448516,1025,5426.86
SA_R1,9.0731187,-79.4448599,1026,5431.87
SA_R1,9.073078,-79.4448657,1027,5436.43
SA_R1,9.0730455,-79.4448786,1028,5440.32
SA_R1,9.0730108,-79.4448885,1029,5444.33
SA_R1,9.0729707,-79.4449012,1030,5449.0
SA_R1,9.072927,-79.4449219,1031,5454.36
SA_R1,9.0728932,-79.4449358,1032,5458.42
SA_R1,9.072866,-79.4449497,1033,5461.81
SA_R1,9.0728321,-79.444964,1034,5465.89
SA_R1,9.0727953,-79.4449715,1035,5470.07
SA_R1,9.0727637,-79.44498,1036,5473.71
SA_R1,9.0727322,-79.4449911,1037,5477.41
SA_R1,9.0726984,-79.4450022,1038,5481.36
SA_R1,9.0726663,-79.4450097,1039,5485.02
SA_R1,9.0726349,-79.4450159,1040,5488.59
SA_R1,9.0726018,-79.4450249,1041,5492.4
SA_R1,9.0725695,-79.4450349,1042,5496.15
SA_R1,9.0725404,-79.4450417,1043,5499.47
SA_R1,9.0725164,-79.4450465,1044,5502.19
SA_R1,9.072499,-79.4450503,1045,5504.17
SA_R1,9.0724867,-79.4450526,1046,5505.56
SA_R1,9.0724761,-79.4450557,1047,5506.79
SA_R1,9.0724652,-79.4450575,1048,5508.02
SA_R1,9.0724531,-79.4450564,1049,5509.37
SA_R1,9.0724428,-79.4450569,1050,5510.52
SA_R1,9.072426,-79.4450624,1051,5512.48
SA_R1,9.0724135,-79.4450666,1052,5513.94
SA_R1,9.0723954,-79.4450821,1053,5516.58
SA_R1,9.0723773,-79.4450837,1054,5518.6
SA_R1,9.072354,-79.445089,1055,5521.26
SA_R1,9.0723317,-79.4450934,1056,5523.78
SA_R1,9.0723057,-79.4450945,1057,5526.68
SA_R1,9.0722775,-79.4450967,1058,5529.82
SA_R1,9.0722453,-79.4451,1059,5533.42
SA_R1,9.0722171,-79.4451014,1060,5536.56
SA_R1,9.0721853,-79.4451022,1061,5540.09
SA_R1,9.0721573,-79.4451006,1062,5543.21
SA_R1,9.0721304,-79.445101,1063,5546.2
SA_R1,9.0721052,-79.4450997,1064,5549.01
SA_R1,9.072081,-79.4450993,1065,5551.7
SA_R1,9.0720634,-79.4450904,1066,5553.89
SA_R1,9.072054,-79.445086,1067,5555.04
SA_R1,9.0720466,-79.4450825,1068,5555.95
SA_R1,9.0720437,-79.4450832,1069,5556.28
SA_R1,9.0720439,-79.4450767,1070,5556.99
SA_R1,9.0720442,-79.4450765,1071,5557.03
SA_R1,9.0720442,-79.4450765,1072,5557.03
SA_R1,9.0720442,-79.4450765,1073,5557.03
SA_R1,9.0720442,-79.4450765,1074,5557.03
SA_R1,9.0720442,-79.4450765,1075,5557.03
SA_R1,9.0720442,-79.4450765,1076,5557.03
SA_R1,9.0720442,-79.4450765,1077,5557.03
SA_R1,9.0720442,-79.4450765,1078,5557.03
SA_R1,9.0720442,-79.4450765,1079,5557.03
SA_R1,9.0720377,-79.4450755,1080,5557.76
SA_R1,9.072027,-79.4450722,1081,5559.0
SA_R1,9.0720093,-79.4450712,1082,5560.97
SA_R1,9.0719827,-79.4450638,1083,5564.05
SA_R1,9.0719442,-79.4450504,1084,5568.57
SA_R1,9.0718961,-79.4450352,1085,5574.17
SA_R1,9.0718421,-79.4450153,1086,5580.56
SA_R1,9.0717891,-79.4449896,1087,5587.09
SA_R1,9.0717371,-79.4449738,1088,5593.13
SA_R1,9.0716876,-79.4449479,1089,5599.33
SA_R1,9.0716535,-79.4449221,1090,5604.06
SA_R1,9.0716186,-79.4448933,1091,5609.06
SA_R1,9.0715898,-79.4448655,1092,5613.49
SA_R1,9.0715649,-79.4448355,1093,5617.79
SA_R1,9.0715332,-79.4448061,1094,5622.57
SA_R1,9.0715015,-79.4447827,1095,5626.94
SA_R1,9.0714707,-79.4447604,1096,5631.15
SA_R1,9.0714355,-79.4447302,1097,5636.27
SA_R1,9.0713909,-79.4446973,1098,5642.41
SA_R1,9.0713416,-79.4446593,1099,5649.3
SA_R1,9.0712938,-79.4446259,1100,5655.75
SA_R1,9.0712381,-79.4445786,1101,5663.84
SA_R1,9.0711851,-79.4445326,1102,5671.6
SA_R1,9.0711267,-79.4444918,1103,5679.49
SA_R1,9.071071,-79.444439,1104,5687.98
SA_R1,9.0710259,-79.4443756,1105,5696.55
SA_R1,9.0709858,-79.4443103,1106,5705.0
SA_R1,9.0709448,-79.4442341,1107,5714.52
SA_R1,9.0709221,-79.4441513,1108,5723.96
SA_R1,9.0709107,-79.4440827,1109,5731.6
SA_R1,9.0709008,-79.444005,1110,5740.21
SA_R1,9.0708903,-79.4439296,1111,5748.56
SA_R1,9.0708836,-79.4438592,1112,5756.33
SA_R1,9.070877,-79.4437789,1113,5765.18
SA_R1,9.0708719,-79.4437015,1114,5773.7
SA_R1,9.0708654,-79.4436252,1115,5782.11
SA_R1,9.0708548,-79.4435391,1116,5791.63
SA_R1,9.0708454,-79.4434547,1117,5800.96
SA_R1,9.0708355,-79.4433789,1118,5809.35
SA_R1,9.0708267,-79.4433153,1119,5816.41
SA_R1,9.0708168,-79.4432571,1120,5822.9
SA_R1,9.0708091,-79.4432154,1121,5827.55
SA_R1,9.0708029,-79.4432004,1122,5829.34
SA_R1,9.0708018,-79.4432013,1123,5829.5
SA_R1,9.0707962,-79.4432024,1124,5830.12
SA_R1,9.0707969,-79.4432095,1125,5830.91
SA_R1,9.0707969,-79.4432095,1126,5830.92
SA_R1,9.0707969,-79.4432095,1127,5830.92
SA_R1,9.0707969,-79.4432095,1128,5830.92
SA_R1,9.0707969,-79.4432095,1129,5830.92
SA_R1,9.0707915,-79.4432011,1130,5832.02
SA_R1,9.0707885,-79.4431875,1131,5833.55
SA_R1,9.0707904,-79.4431672,1132,5835.78
SA_R1,9.070785,-79.4431396,1133,5838.87
SA_R1,9.0707836,-79.4431008,1134,5843.14
SA_R1,9.0707822,-79.4430616,1135,5847.45
SA_R1,9.0707743,-79.4430235,1136,5851.73
SA_R1,9.0707548,-79.4429811,1137,5856.85
SA_R1,9.0707204,-79.4429435,1138,5862.48
SA_R1,9.0706777,-79.442907,1139,5868.7
SA_R1,9.070635,-79.4428741,1140,5874.67
SA_R1,9.0705857,-79.4428441,1141,5881.06
SA_R1,9.0705318,-79.4428281,1142,5887.31
SA_R1,9.0704715,-79.4428242,1143,5894.02
SA_R1,9.0704207,-79.442825,1144,5899.68
SA_R1,9.0703564,-79.4428241,1145,5906.83
SA_R1,9.0703113,-79.4428285,1146,5911.86
SA_R1,9.0702804,-79.4428339,1147,5915.35
SA_R1,9.0702493,-79.4428361,1148,5918.81
SA_R1,9.0702124,-79.4428398,1149,5922.94
SA_R1,9.0701772,-79.4428389,1150,5926.85
SA_R1,9.0701296,-79.4428386,1151,5932.15
SA_R1,9.0700762,-79.4428412,1152,5938.09
SA_R1,9.0699997,-79.4428441,1153,5946.6
SA_R1,9.0699241,-79.4428422,1154,5955.01
SA_R1,9.0698481,-79.4428422,1155,5963.47
SA_R1,9.0697864,-79.4428422,1156,5970.33
SA_R1,9.0697362,-79.4428429,1157,5975.91
SA_R1,9.0697091,-79.4428443,1158,5978.93
SA_R1,9.069684,-79.4428431,1159,5981.72
SA_R1,9.0696582,-79.4428446,1160,5984.59
SA_R1,9.069623,-79.4428448,1161,5988.5
SA_R1,9.0695843,-79.4428454,1162,5992.81
SA_R1,9.0695243,-79.4428459,1163,5999.48
SA_R1,9.0694606,-79.4428438,1164,6006.57
SA_R1,9.0693927,-79.4428381,1165,6014.14
SA_R1,9.0693473,-79.4428385,1166,6019.19
SA_R1,9.0693063,-79.442849,1167,6023.9
SA_R1,9.0692786,-79.4428565,1168,6027.09
SA_R1,9.0692585,-79.4428561,1169,6029.32
SA_R1,9.0692545,-79.4428551,1170,6029.78
SA_R1,9.0692564,-79.4428519,1171,6030.18
SA_R1,9.0692564,-79.4428519,1172,6030.18
SA_R1,9.0692564,-79.4428519,1173,6030.18
SA_R1,9.0692564,-79.4428519,1174,6030.18
SA_R1,9.0692564,-79.4428519,1175,6030.18
SA_R1,9.0692564,-79.4428519,1176,6030.18
SA_R1,9.0692564,-79.4428519,1177,6030.18
SA_R1,9.0692564,-79.4428519,1178,6030.18
SA_R1,9.0692564,-79.4428519,1179,6030.18
SA_R1,9.0692564,-79.4428519,1180,6030.18
SA_R1,9.0692564,-79.4428519,1181,6030.18
SA_R1,9.069252,-79.4428533,1182,6030.7
SA_R1,9.0692348,-79.4428529,1183,6032.61
SA_R1,9.0692104,-79.4428489,1184,6035.36
SA_R1,9.0691797,-79.4428409,1185,6038.88
SA_R1,9.0691398,-79.4428411,1186,6043.32
SA_R1,9.0690897,-79.4428448,1187,6048.91
SA_R1,9.0690288,-79.4428344,1188,6055.77
SA_R1,9.068965,-79.4428345,1189,6062.86
SA_R1,9.0688832,-79.442828,1190,6071.99
SA_R1,9.0687991,-79.4428218,1191,6081.37
SA_R1,9.0687178,-79.4428166,1192,6090.42
SA_R1,9.0686245,-79.4428133,1193,6100.81
SA_R1,9.0685291,-79.442821,1194,6111.45
SA_R1,9.0684257,-79.4428307,1195,6123.0
SA_R1,9.0683147,-79.4428359,1196,6135.36
SA_R1,9.068203,-79.4428424,1197,6147.8
SA_R1,9.0680842,-79.4428465,1198,6161.01
SA_R1,9.0679655,-79.4428513,1199,6174.22
SA_R1,9.0678451,-79.4428594,1200,6187.64
SA_R1,9.0677192,-79.4428684,1201,6201.67
SA_R1,9.0675954,-79.4428748,1202,6215.45
SA_R1,9.0674726,-79.4428799,1203,6229.12
SA_R1,9.0673497,-79.4428806,1204,6242.79
SA_R1,9.0672349,-79.442881,1205,6255.56
SA_R1,9.0671162,-79.4428844,1206,6268.76
SA_R1,9.0670017,-79.442886,1207,6281.49
SA_R1,9.0668873,-79.442887,1208,6294.21
SA_R1,9.0667661,-79.4428862,1209,6307.68
SA_R1,9.0666542,-79.4428867,1210,6320.13
SA_R1,9.066541,-79.4428903,1211,6332.72
SA_R1,9.0664333,-79.4428876,1212,6344.7
SA_R1,9.0663281,-79.4428909,1213,6356.41
SA_R1,9.066231,-79.442893,1214,6367.21
SA_R1,9.0661496,-79.4429002,1215,6376.29
SA_R1,9.0660789,-79.4428989,1216,6384.15
SA_R1,9.0660473,-79.4428987,1217,6387.67
SA_R1,9.0660244,-79.4428999,1218,6390.22
SA_R1,9.0660121,-79.4429009,1219,6391.6
SA_R1,9.0660077,-79.442904,1220,6392.19
SA_R1,9.0660059,-79.4429014,1221,6392.54
SA_R1,9.0660063,-79.4429041,1222,6392.84
SA_R1,9.0660061,-79.4429044,1223,6392.87
SA_R1,9.0660061,-79.4429044,1224,6392.87
SA_R1,9.0660061,-79.4429044,1225,6392.87
SA_R1,9.0660061,-79.4429044,1226,6392.87
SA_R1,9.0660061,-79.4429044,1227,6392.87
SA_R1,9.0660061,-79.4429044,1228,6392.87
SA_R1,9.0660061,-79.4429044,1229,6392.87
SA_R1,9.0660047,-79.4429075,1230,6393.24
SA_R1,9.0660021,-79.4429089,1231,6393.57
SA_R1,9.0660039,-79.4429073,1232,6393.83
SA_R1,9.0659924,-79.4429043,1233,6395.15
SA_R1,9.0659726,-79.4429072,1234,6397.38
SA_R1,9.0659486,-79.4429057,1235,6400.04
SA_R1,9.0659215,-79.4429064,1236,6403.07
SA_R1,9.0658878,-79.4429125,1237,6406.87
SA_R1,9.0658448,-79.4429276,1238,6411.94
SA_R1,9.065786,-79.4429279,1239,6418.47
SA_R1,9.065707,-79.4429234,1240,6427.27
SA_R1,9.0656318,-79.4429213,1241,6435.63
SA_R1,9.0655415,-79.4429188,1242,6445.68
SA_R1,9.0654591,-79.4429149,1243,6454.85
SA_R1,9.0653762,-79.4429234,1244,6464.11
SA_R1,9.0652969,-79.4429312,1245,6472.97
SA_R1,9.0652247,-79.4429369,1246,6481.03
SA_R1,9.0651465,-79.442936,1247,6489.72
SA_R1,9.0650675,-79.4429338,1248,6498.51
SA_R1,9.0649915,-79.4429419,1249,6507.0
SA_R1,9.0649191,-79.4429432,1250,6515.05
SA_R1,9.0648449,-79.442945,1251,6523.32
SA_R1,9.0647662,-79.4429518,1252,6532.09
SA_R1,9.0646899,-79.4429549,1253,6540.58
SA_R1,9.0646244,-79.4429561,1254,6547.87
SA_R1,9.0645598,-79.4429598,1255,6555.07
SA_R1,9.0644942,-79.4429603,1256,6562.36
SA_R1,9.0644344,-79.4429624,1257,6569.01
SA_R1,9.0643825,-79.4429668,1258,6574.8
SA_R1,9.0643299,-79.4429765,1259,6580.75
SA_R1,9.0642831,-79.4429893,1260,6586.14
SA_R1,9.0642412,-79.443011,1261,6591.37
SA_R1,9.0641984,-79.4430383,1262,6597.0
SA_R1,9.0641599,-79.4430665,1263,6602.28
SA_R1,9.0641414,-79.4430943,1264,6605.96
SA_R1,9.0641247,-79.4431094,1265,6608.45
SA_R1,9.0641205,-79.4431119,1266,6609.0
SA_R1,9.0641261,-79.4431115,1267,6609.63
SA_R1,9.064132,-79.4431088,1268,6610.35
SA_R1,9.064132,-79.4431088,1269,6610.35
SA_R1,9.064132,-79.4431088,1270,6610.35
SA_R1,9.064132,-79.4431088,1271,6610.35
SA_R1,9.064132,-79.4431088,1272,6610.35
SA_R1,9.064132,-79.4431088,1273,6610.35
SA_R1,9.064132,-79.4431088,1274,6610.35
SA_R1,9.064132,-79.4431088,1275,6610.35
SA_R1,9.064132,-79.4431088,1276,6610.35
SA_R1,9.064132,-79.4431088,1277,6610.35
SA_R1,9.0641233,-79.4431101,1278,6611.33
SA_R1,9.0641075,-79.4431213,1279,6613.48
SA_R1,9.064077,-79.4431411,1280,6617.5
SA_R1,9.0640322,-79.4431813,1281,6624.16
SA_R1,9.0639914,-79.4432114,1282,6629.78
SA_R1,9.063934,-79.4432561,1283,6637.82
SA_R1,9.063872,-79.4432997,1284,6646.22
SA_R1,9.0638166,-79.4433527,1285,6654.69
SA_R1,9.0637568,-79.4434019,1286,6663.26
SA_R1,9.0636934,-79.4434597,1287,6672.75
SA_R1,9.063634,-79.4435155,1288,6681.75
SA_R1,9.0635699,-79.4435725,1289,6691.24
SA_R1,9.063506,-79.4436282,1290,6700.62
SA_R1,9.0634392,-79.4436868,1291,6710.45
SA_R1,9.063373,-79.4437498,1292,6720.54
SA_R1,9.0633092,-79.4438104,1293,6730.27
SA_R1,9.0632518,-79.4438752,1294,6739.83
SA_R1,9.0631999,-79.4439289,1295,6748.08
SA_R1,9.0631587,-79.4439583,1296,6753.69
SA_R1,9.0631255,-79.4439953,1297,6759.17
SA_R1,9.0630901,-79.4440213,1298,6764.04
SA_R1,9.0630528,-79.4440548,1299,6769.58
SA_R1,9.0630127,-79.4440876,1300,6775.31
SA_R1,9.0629691,-79.4441291,1301,6781.96
SA_R1,9.0629193,-79.4441726,1302,6789.28
SA_R1,9.0628664,-79.4442197,1303,6797.12
SA_R1,9.0628044,-79.4442741,1304,6806.23
SA_R1,9.0627435,-79.4443262,1305,6815.1
SA_R1,9.0626836,-79.4443787,1306,6823.91
SA_R1,9.0626302,-79.4444269,1307,6831.86
SA_R1,9.0625826,-79.4444693,1308,6838.91
SA_R1,9.0625484,-79.4445027,1309,6844.19
SA_R1,9.0625291,-79.4445182,1310,6846.94
SA_R1,9.0625214,-79.4445209,1311,6847.84
SA_R1,9.0625147,-79.4445217,1312,6848.59
SA_R1,9.0625081,-79.4445239,1313,6849.36
SA_R1,9.0624961,-79.4445309,1314,6850.9
SA_R1,9.0624772,-79.4445414,1315,6853.3
SA_R1,9.0624557,-79.4445578,1316,6856.29
SA_R1,9.0624224,-79.4445776,1317,6860.58
SA_R1,9.0623819,-79.4445979,1318,6865.61
SA_R1,9.062333,-79.4446357,1319,6872.45
SA_R1,9.0622828,-79.4446646,1320,6878.87
SA_R1,9.06224,-79.4446961,1321,6884.75
SA_R1,9.0622005,-79.4447168,1322,6889.7
SA_R1,9.0621715,-79.4447305,1323,6893.26
SA_R1,9.0621395,-79.4447458,1324,6897.19
SA_R1,9.0621008,-79.444763,1325,6901.89
SA_R1,9.0620642,-79.4447864,1326,6906.7
SA_R1,9.062027,-79.4448112,1327,6911.66
SA_R1,9.0619851,-79.4448425,1328,6917.45
SA_R1,9.0619521,-79.444854,1329,6921.33
SA_R1,9.0619354,-79.4448621,1330,6923.39
SA_R1,9.0619282,-79.4448632,1331,6924.19
SA_R1,9.0619229,-79.4448687,1332,6925.04
SA_R1,9.0619219,-79.4448697,1333,6925.19
SA_R1,9.0619219,-79.4448697,1334,6925.19
SA_R1,9.0619219,-79.4448697,1335,6925.19
SA_R1,9.0619219,-79.4448697,1336,6925.19
SA_R1,9.0619219,-79.4448697,1337,6925.19
SA_R1,9.0619217,-79.4448695,1338,6925.22
SA_R1,9.0619215,-79.4448695,1339,6925.24
SA_R1,9.0619215,-79.4448695,1340,6925.24
SA_R1,9.0619215,-79.4448695,1341,6925.24
SA_R1,9.0619215,-79.4448695,1342,6925.24
SA_R1,9.0619215,-79.4448695,1343,6925.24
SA_R1,9.0619215,-79.4448695,1344,6925.24
SA_R1,9.0619215,-79.4448695,1345,6925.24
SA_R1,9.0619215,-79.4448695,1346,6925.24
SA_R1,9.0619215,-79.4448695,1347,6925.24
SA_R1,9.0619215,-79.4448695,1348,6925.24
SA_R1,9.0619215,-79.4448695,1349,6925.24
SA_R1,9.0619215,-79.4448695,1350,6925.24
SA_R1,9.0619215,-79.4448695,1351,6925.24
SA_R1,9.0619178,-79.4448693,1352,6925.65
SA_R1,9.0619066,-79.4448702,1353,6926.91
SA_R1,9.0618944,-79.4448686,1354,6928.28
SA_R1,9.0618747,-79.4448675,1355,6930.46
SA_R1,9.0618379,-79.4448732,1356,6934.6
SA_R1,9.0617987,-79.4448898,1357,6939.33
SA_R1,9.0617452,-79.444903,1358,6945.45
SA_R1,9.0616868,-79.4449163,1359,6952.11
SA_R1,9.061621,-79.4449321,1360,6959.62
SA_R1,9.0615494,-79.4449459,1361,6967.73
SA_R1,9.0614671,-79.444965,1362,6977.12
SA_R1,9.0613763,-79.44498,1363,6987.35
SA_R1,9.0612862,-79.4449905,1364,6997.44
SA_R1,9.061198,-79.4450037,1365,7007.35
SA_R1,9.0611083,-79.4450193,1366,7017.47
SA_R1,9.0610121,-79.4450329,1367,7028.28
SA_R1,9.0609139,-79.4450445,1368,7039.27
SA_R1,9.060816,-79.4450648,1369,7050.38
SA_R1,9.0607227,-79.4450915,1370,7061.16
SA_R1,9.0606353,-79.4451224,1371,7071.45
SA_R1,9.0605539,-79.4451588,1372,7081.34
SA_R1,9.0604748,-79.4451928,1373,7090.9
SA_R1,9.0603914,-79.4452344,1374,7101.24
SA_R1,9.0603184,-79.4452586,1375,7109.78
SA_R1,9.0602458,-79.4452844,1376,7118.33
SA_R1,9.0601788,-79.4453118,1377,7126.37
SA_R1,9.0601087,-79.4453329,1378,7134.5
SA_R1,9.0600431,-79.445349,1379,7142.0
SA_R1,9.0599837,-79.4453695,1380,7148.98
SA_R1,9.0599316,-79.4453922,1381,7155.29
SA_R1,9.0598774,-79.4454126,1382,7161.72
SA_R1,9.0598253,-79.4454299,1383,7167.81
SA_R1,9.0597755,-79.4454531,1384,7173.91
SA_R1,9.0597226,-79.4454784,1385,7180.42
SA_R1,9.059675,-79.4455033,1386,7186.37
SA_R1,9.0596379,-79.4455219,1387,7190.98
SA_R1,9.0596046,-79.4455382,1388,7195.1
SA_R1,9.0595774,-79.4455519,1389,7198.48
SA_R1,9.0595591,-79.4455655,1390,7200.99
SA_R1,9.0595542,-79.4455686,1391,7201.64
SA_R1,9.0595553,-79.4455643,1392,7202.14
SA_R1,9.059556,-79.4455646,1393,7202.22
SA_R1,9.059556,-79.4455646,1394,7202.22
SA_R1,9.059556,-79.4455646,1395,7202.22
SA_R1,9.0595532,-79.4455654,1396,7202.54
SA_R1,9.059553,-79.4455654,1397,7202.57
SA_R1,9.059553,-79.4455654,1398,7202.57
SA_R1,9.059553,-79.4455654,1399,7202.57
SA_R1,9.059553,-79.4455654,1400,7202.57
SA_R1,9.059553,-79.4455654,1401,7202.57
SA_R1,9.059553,-79.4455654,1402,7202.57
SA_R1,9.059553,-79.4455654,1403,7202.57
SA_R1,9.059553,-79.4455654,1404,7202.57
SA_R1,9.059553,-79.4455654,1405,7202.57
SA_R1,9.0595515,-79.4455676,1406,7202.86
SA_R1,9.0595448,-79.4455726,1407,7203.78
SA_R1,9.0595337,-79.4455867,1408,7205.77
SA_R1,9.0595158,-79.4455974,1409,7208.08
SA_R1,9.059498,-79.4456061,1410,7210.28
SA_R1,9.0594645,-79.4456192,1411,7214.27
SA_R1,9.0594087,-79.4456452,1412,7221.1
SA_R1,9.0593402,-79.4456763,1413,7229.45
SA_R1,9.0592792,-79.4457062,1414,7236.99
SA_R1,9.0592064,-79.4457385,1415,7245.82
SA_R1,9.0591349,-79.4457711,1416,7254.54
SA_R1,9.0590675,-79.4458064,1417,7262.98
SA_R1,9.059,-79.4458431,1418,7271.5
SA_R1,9.0589356,-79.445871,1419,7279.29
SA_R1,9.0588772,-79.4459073,1420,7286.91
SA_R1,9.0588107,-79.4459511,1421,7295.73
SA_R1,9.0587532,-79.4459847,1422,7303.11
SA_R1,9.0586876,-79.4460172,1423,7311.23
SA_R1,9.058625,-79.4460508,1424,7319.11
SA_R1,9.0585632,-79.4460926,1425,7327.37
SA_R1,9.0585071,-79.446128,1426,7334.73
SA_R1,9.0584512,-79.4461678,1427,7342.31
SA_R1,9.0583968,-79.4462046,1428,7349.6
SA_R1,9.0583479,-79.4462429,1429,7356.47
SA_R1,9.0583047,-79.4462793,1430,7362.72
SA_R1,9.0582605,-79.4463134,1431,7368.89
SA_R1,9.0582138,-79.4463495,1432,7375.43
SA_R1,9.0581694,-79.4463799,1433,7381.39
SA_R1,9.0581295,-79.4464177,1434,7387.47
SA_R1,9.0580949,-79.4464525,1435,7392.89
SA_R1,9.0580647,-79.4464726,1436,7396.91
SA_R1,9.0580488,-79.4464916,1437,7399.65
SA_R1,9.0580423,-79.4464987,1438,7400.7
SA_R1,9.0580417,-79.4464992,1439,7400.79
SA_R1,9.0580417,-79.4464992,1440,7400.79
SA_R1,9.0580417,-79.4464992,1441,7400.79
SA_R1,9.0580367,-79.4465002,1442,7401.36
SA_R1,9.0580265,-79.4465093,1443,7402.86
SA_R1,9.0580136,-79.4465219,1444,7404.87
SA_R1,9.0580014,-79.4465294,1445,7406.45
SA_R1,9.0579899,-79.4465366,1446,7407.95
SA_R1,9.0579897,-79.4465437,1447,7408.73
SA_R1,9.0579907,-79.4465404,1448,7409.11
SA_R1,9.0579907,-79.4465404,1449,7409.11
SA_R1,9.0579907,-79.4465404,1450,7409.11
SA_R1,9.0579907,-79.4465404,1451,7409.11
SA_R1,9.0579907,-79.4465404,1452,7409.11
SA_R1,9.0579907,-79.4465404,1453,7409.11
SA_R1,9.0579907,-79.4465404,1454,7409.11
SA_R1,9.0579907,-79.4465404,1455,7409.11
SA_R1,9.0579907,-79.4465404,1456,7409.11
SA_R1,9.0579907,-79.4465404,1457,7409.11
SA_R1,9.057941,-79.4466134,1458,7418.84
SA_R1,9.0579366,-79.4466169,1459,7419.47
SA_R1,9.0579364,-79.446617,1460,7419.49
SA_R1,9.0579364,-79.446617,1461,7419.49
SA_R1,9.0579364,-79.446617,1462,7419.49
SA_R1,9.0579364,-79.446617,1463,7419.49
SA_R1,9.0579364,-79.446617,1464,7419.49
SA_R1,9.0579434,-79.4466334,1465,7421.45
SA_R1,9.0579402,-79.4466305,1466,7421.93
SA_R1,9.0579402,-79.4466305,1467,7421.93
SA_R1,9.0579402,-79.4466305,1468,7421.93
SA_R1,9.0579402,-79.4466305,1469,7421.93
SA_R1,9.0579402,-79.4466305,1470,7421.93
SA_R1,9.0579402,-79.4466305,1471,7421.93
SA_R1,9.0579402,-79.4466305,1472,7421.93
SA_R1,9.0579383,-79.4466335,1473,7422.32
SA_R1,9.0579382,-79.4466336,1474,7422.34
SA_R1,9.0579382,-79.4466336,1475,7422.34
SA_R1,9.0579311,-79.4466463,1476,7423.94
SA_R1,9.0579195,-79.4466616,1477,7426.05
SA_R1,9.0579016,-79.4466741,1478,7428.47
SA_R1,9.0578763,-79.4466947,1479,7432.09
SA_R1,9.0578461,-79.4467123,1480,7435.96
SA_R1,9.0578099,-79.4467237,1481,7440.17
SA_R1,9.0577712,-79.4467269,1482,7444.49
SA_R1,9.0577182,-79.4467012,1483,7451.03
SA_R1,9.0576727,-79.446671,1484,7457.07
SA_R1,9.0576203,-79.4466242,1485,7464.85
SA_R1,9.0575688,-79.4465782,1486,7472.48
SA_R1,9.0575276,-79.4465331,1487,7479.22
SA_R1,9.0574929,-79.4464923,1488,7485.14
SA_R1,9.0574652,-79.4464592,1489,7489.91
SA_R1,9.057438,-79.4464272,1490,7494.54
SA_R1,9.0574104,-79.4463975,1491,7499.02
SA_R1,9.0573715,-79.4463684,1492,7504.4
SA_R1,9.0573322,-79.4463363,1493,7510.01
SA_R1,9.0572752,-79.4462961,1494,7517.73
SA_R1,9.0572068,-79.4462433,1495,7527.3
SA_R1,9.0571371,-79.4461869,1496,7537.22
SA_R1,9.05631,-79.4457159,1497,7642.74
SA_R1,9.0562704,-79.4456991,1498,7647.51
SA_R1,9.0562339,-79.4456792,1499,7652.12
SA_R1,9.0562078,-79.4456609,1500,7655.65
SA_R1,9.0561999,-79.4456645,1501,7656.61
SA_R1,9.0562003,-79.4456649,1502,7656.67
SA_R1,9.0562003,-79.4456649,1503,7656.67
SA_R1,9.0562003,-79.4456649,1504,7656.67
SA_R1,9.056202,-79.4456617,1505,7657.07
SA_R1,9.0561941,-79.4456635,1506,7657.97
SA_R1,9.0561942,-79.4456636,1507,7657.98
SA_R1,9.0561942,-79.4456636,1508,7657.98
SA_R1,9.0561942,-79.4456636,1509,7657.98
SA_R1,9.0561838,-79.4456635,1510,7659.14
SA_R1,9.0561671,-79.4456577,1511,7661.1
SA_R1,9.0561413,-79.4456455,1512,7664.27
SA_R1,9.0561111,-79.4456367,1513,7667.77
SA_R1,9.0560695,-79.4456151,1514,7672.96
SA_R1,9.0560216,-79.4455911,1515,7678.91
SA_R1,9.0559597,-79.445568,1516,7686.24
SA_R1,9.0558969,-79.4455357,1517,7694.08
SA_R1,9.0558251,-79.4455034,1518,7702.81
SA_R1,9.0557539,-79.4454685,1519,7711.61
SA_R1,9.0556922,-79.4454347,1520,7719.41
SA_R1,9.0556344,-79.4454101,1521,7726.38
SA_R1,9.0555829,-79.4453851,1522,7732.73
SA_R1,9.0555254,-79.445362,1523,7739.61
SA_R1,9.0554768,-79.4453374,1524,7745.65
SA_R1,9.0554354,-79.4453214,1525,7750.58
SA_R1,9.0554095,-79.4453123,1526,7753.62
SA_R1,9.0553833,-79.4452991,1527,7756.88
SA_R1,9.0553487,-79.4452858,1528,7761.0
SA_R1,9.0553099,-79.4452715,1529,7765.58
SA_R1,9.0552677,-79.4452506,1530,7770.81
SA_R1,9.0552162,-79.4452263,1531,7777.13
SA_R1,9.0551667,-79.4451975,1532,7783.48
SA_R1,9.0551063,-79.4451666,1533,7791.0
SA_R1,9.055043,-79.4451339,1534,7798.89
SA_R1,9.0549774,-79.4450973,1535,7807.23
SA_R1,9.0549063,-79.4450698,1536,7815.69
SA_R1,9.0548285,-79.445036,1537,7825.11
SA_R1,9.0547558,-79.4450016,1538,7834.03
SA_R1,9.054683,-79.4449611,1539,7843.26
SA_R1,9.0546062,-79.4449164,1540,7853.11
SA_R1,9.054534,-79.444879,1541,7862.13
SA_R1,9.0544564,-79.444837,1542,7871.92
SA_R1,9.0543744,-79.4448005,1543,7881.88
SA_R1,9.0542823,-79.44476,1544,7893.04
SA_R1,9.0541927,-79.4447143,1545,7904.2
SA_R1,9.0540953,-79.444671,1546,7916.02
SA_R1,9.0539934,-79.4446255,1547,7928.41
SA_R1,9.0538917,-79.4445816,1548,7940.7
SA_R1,9.0537944,-79.4445372,1549,7952.56
SA_R1,9.0536947,-79.4445,1550,7964.39
SA_R1,9.0535979,-79.4444611,1551,7975.96
SA_R1,9.0535077,-79.4444244,1552,7986.78
SA_R1,9.053419,-79.4443897,1553,7997.35
SA_R1,9.0533385,-79.4443583,1554,8006.94
SA_R1,9.053272,-79.4443185,1555,8015.53
SA_R1,9.0532079,-79.444271,1556,8024.36
SA_R1,9.0531591,-79.4442396,1557,8030.79
SA_R1,9.0531206,-79.444216,1558,8035.79
SA_R1,9.0530817,-79.4441906,1559,8040.94
SA_R1,9.0530585,-79.444182,1560,8043.68
SA_R1,9.0530253,-79.4441704,1561,8047.6
SA_R1,9.0529925,-79.4441576,1562,8051.5
SA_R1,9.0529617,-79.4441402,1563,8055.42
SA_R1,9.0529364,-79.4441283,1564,8058.53
SA_R1,9.0529145,-79.4441169,1565,8061.27
SA_R1,9.0528906,-79.4440997,1566,8064.53
SA_R1,9.0528774,-79.4440956,1567,8066.06
SA_R1,9.0528554,-79.4440833,1568,8068.85
SA_R1,9.0528353,-79.4440745,1569,8071.28
SA_R1,9.0528085,-79.444065,1570,8074.44
SA_R1,9.0527822,-79.4440592,1571,8077.43
SA_R1,9.0527644,-79.4440483,1572,8079.75
SA_R1,9.0527569,-79.4440407,1573,8080.93
SA_R1,9.0527454,-79.4440334,1574,8082.44
SA_R1,9.0527352,-79.4440281,1575,8083.72
SA_R1,9.0527183,-79.4440172,1576,8085.94
SA_R1,9.0527009,-79.4440097,1577,8088.05
SA_R1,9.0526824,-79.4440002,1578,8090.36
SA_R1,9.0526599,-79.4439964,1579,8092.89
SA_R1,9.052634,-79.4439872,1580,8095.94
SA_R1,9.0526012,-79.4439758,1581,8099.8
SA_R1,9.0525715,-79.4439658,1582,8103.28
SA_R1,9.052542,-79.4439693,1583,8106.59
SA_R1,9.0525132,-79.4439824,1584,8110.09
SA_R1,9.0524895,-79.4439931,1585,8112.97
SA_R1,9.052472,-79.4440109,1586,8115.74
SA_R1,9.0524577,-79.4440317,1587,8118.52
SA_R1,9.0524481,-79.4440516,1588,8120.95
SA_R1,9.0524333,-79.4440655,1589,8123.19
SA_R1,9.0524251,-79.4440823,1590,8125.25
SA_R1,9.0524182,-79.4440963,1591,8126.97
SA_R1,9.0524136,-79.4441121,1592,8128.78
SA_R1,9.0524052,-79.4441346,1593,8131.42
SA_R1,9.0523892,-79.444162,1594,8134.92
SA_R1,9.0523695,-79.4441892,1595,8138.62
SA_R1,9.0523458,-79.4442133,1596,8142.36
SA_R1,9.0523278,-79.4442469,1597,8146.55
SA_R1,9.0523088,-79.4442797,1598,8150.72
SA_R1,9.0522881,-79.4443212,1599,8155.84
SA_R1,9.052271,-79.4443819,1600,8162.77
SA_R1,9.0522479,-79.4444377,1601,8169.41
SA_R1,9.0522236,-79.4445008,1602,8176.85
SA_R1,9.052207,-79.4445647,1603,8184.1
SA_R1,9.0521918,-79.4446351,1604,8192.02
SA_R1,9.0521821,-79.4447034,1605,8199.59
SA_R1,9.0521712,-79.4447669,1606,8206.67
SA_R1,9.0521508,-79.4448407,1607,8215.09
SA_R1,9.0521314,-79.4449106,1608,8223.06
SA_R1,9.0521106,-79.4449514,1609,8228.1
SA_R1,9.0521013,-79.44498,1610,8231.41
SA_R1,9.0520918,-79.4449992,1611,8233.77
SA_R1,9.0520858,-79.4450092,1612,8235.05
SA_R1,9.0520855,-79.4450085,1613,8235.13
SA_R1,9.0520875,-79.4450039,1614,8235.68
SA_R1,9.0520875,-79.4450039,1615,8235.68
SA_R1,9.0520875,-79.4450039,1616,8235.68
SA_R1,9.0520875,-79.4450039,1617,8235.68
SA_R1,9.0520875,-79.4450039,1618,8235.68
SA_R1,9.0520875,-79.4450039,1619,8235.68
SA_R1,9.0520875,-79.4450039,1620,8235.68
SA_R1,9.0520875,-79.4450039,1621,8235.68
SA_R1,9.0520924,-79.4449984,1622,8236.5
SA_R1,9.0520815,-79.4449928,1623,8237.85
SA_R1,9.0520818,-79.4449926,1624,8237.89
SA_R1,9.0520818,-79.4449926,1625,8237.89
SA_R1,9.0520818,-79.4449926,1626,8237.89
SA_R1,9.0520818,-79.4449926,1627,8237.89
SA_R1,9.0520818,-79.4449926,1628,8237.89
SA_R1,9.0520818,-79.4449926,1629,8237.89
SA_R1,9.0520818,-79.4449926,1630,8237.89
SA_R1,9.0520818,-79.4449926,1631,8237.89
SA_R1,9.0520818,-79.4449926,1632,8237.89
SA_R1,9.0520818,-79.4449926,1633,8237.89
SA_R1,9.0520818,-79.4449926,1634,8237.89
SA_R1,9.0520807,-79.4449915,1635,8238.08
SA_R1,9.0520803,-79.4449925,1636,8238.2
SA_R1,9.0520794,-79.4449966,1637,8238.67
SA_R1,9.0520721,-79.4450068,1638,8240.04
SA_R1,9.0520632,-79.4450227,1639,8242.05
SA_R1,9.0520526,-79.4450429,1640,8244.57
SA_R1,9.0520456,-79.4450601,1641,8246.6
SA_R1,9.0520365,-79.4450839,1642,8249.41
SA_R1,9.0520225,-79.4451129,1643,8252.96
SA_R1,9.0520099,-79.4451494,1644,8257.19
SA_R1,9.0519661,-79.4452021,1645,8264.77
SA_R1,9.0519317,-79.4452512,1646,8271.37
SA_R1,9.0519027,-79.445302,1647,8277.82
SA_R1,9.0518731,-79.445362,1648,8285.18
SA_R1,9.0518395,-79.4454343,1649,8293.95
SA_R1,9.0518016,-79.4455171,1650,8303.97
SA_R1,9.051773,-79.4456051,1651,8314.15
SA_R1,9.0517443,-79.4457074,1652,8325.83
SA_R1,9.051717,-79.4458021,1653,8336.66
SA_R1,9.0516924,-79.4458866,1654,8346.33
SA_R1,9.0516706,-79.4459742,1655,8356.26
SA_R1,9.051652,-79.4460579,1656,8365.67
SA_R1,9.0516269,-79.4461387,1657,8374.98
SA_R1,9.0516063,-79.4462245,1658,8384.67
SA_R1,9.0515845,-79.4463062,1659,8393.97
SA_R1,9.0515594,-79.4463827,1660,8402.82
SA_R1,9.0515401,-79.4464488,1661,8410.39
SA_R1,9.0515239,-79.4465217,1662,8418.6
SA_R1,9.0515003,-79.4465909,1663,8426.63
SA_R1,9.0514808,-79.4466624,1664,8434.78
SA_R1,9.0514663,-79.4467375,1665,8443.18
SA_R1,9.0514451,-79.4468071,1666,8451.18
SA_R1,9.0514253,-79.4468745,1667,8458.9
SA_R1,9.051404,-79.4469479,1668,8467.3
SA_R1,9.0513887,-79.447022,1669,8475.61
SA_R1,9.0513662,-79.4470981,1670,8484.33
SA_R1,9.0513435,-79.4471819,1671,8493.88
SA_R1,9.0513195,-79.4472722,1672,8504.15
SA_R1,9.0513015,-79.4473717,1673,8515.25
SA_R1,9.05128,-79.4474665,1674,8525.94
SA_R1,9.051263,-79.4475594,1675,8536.31
SA_R1,9.0512378,-79.4476568,1676,8547.37
SA_R1,9.051214,-79.4477559,1677,8558.57
SA_R1,9.0511904,-79.4478673,1678,8571.08
SA_R1,9.0511721,-79.4479669,1679,8582.2
SA_R1,9.0511582,-79.4480668,1680,8593.28
SA_R1,9.0511394,-79.4481558,1681,8603.28
SA_R1,9.0511205,-79.4482392,1682,8612.67
SA_R1,9.0510992,-79.4483214,1683,8622.01
SA_R1,9.0510794,-79.4483986,1684,8630.76
SA_R1,9.0510661,-79.4484784,1685,8639.65
SA_R1,9.0510595,-79.448559,1686,8648.53
SA_R1,9.0510519,-79.4486469,1687,8658.22
SA_R1,9.0510393,-79.448745,1688,8669.09
SA_R1,9.0510319,-79.4488485,1689,8680.48
SA_R1,9.051018,-79.4489552,1690,8692.3
SA_R1,9.0510083,-79.4490679,1691,8704.72
SA_R1,9.051001,-79.4491807,1692,8717.13
SA_R1,9.0509965,-79.4492881,1693,8728.94
SA_R1,9.0509931,-79.4493826,1694,8739.31
SA_R1,9.0509982,-79.4494672,1695,8748.63
SA_R1,9.0509965,-79.4495479,1696,8757.49
SA_R1,9.0509949,-79.4496199,1697,8765.39
SA_R1,9.050996,-79.4496889,1698,8772.98
SA_R1,9.0509955,-79.4497535,1699,8780.08
SA_R1,9.0509983,-79.4498139,1700,8786.71
SA_R1,9.0509987,-79.4498655,1701,8792.37
SA_R1,9.0509978,-79.4499277,1702,8799.21
SA_R1,9.0509937,-79.4499907,1703,8806.14
SA_R1,9.050985,-79.4500482,1704,8812.53
SA_R1,9.0509754,-79.4501019,1705,8818.52
SA_R1,9.0509671,-79.4501506,1706,8823.95
SA_R1,9.0509661,-79.4501962,1707,8828.96
SA_R1,9.0509729,-79.4502413,1708,8833.96
SA_R1,9.0509714,-79.4502734,1709,8837.49
SA_R1,9.050969,-79.4502976,1710,8840.17
SA_R1,9.0509652,-79.4503184,1711,8842.49
SA_R1,9.0509616,-79.450336,1712,8844.46
SA_R1,9.0509584,-79.4503481,1713,8845.83
SA_R1,9.0509542,-79.450357,1714,8846.93
SA_R1,9.0509452,-79.4503618,1715,8848.05
SA_R1,9.0509426,-79.4503691,1716,8848.9
SA_R1,9.0509441,-79.4503777,1717,8849.86
SA_R1,9.050947,-79.4503813,1718,8850.37
SA_R1,9.0509466,-79.4503818,1719,8850.44
SA_R1,9.0509466,-79.4503818,1720,8850.44
SA_R1,9.0509466,-79.4503818,1721,8850.44
SA_R1,9.0509466,-79.4503818,1722,8850.44
SA_R1,9.0509466,-79.4503818,1723,8850.44
SA_R1,9.0509466,-79.4503818,1724,8850.44
SA_R1,9.0509466,-79.4503818,1725,8850.44
SA_R1,9.0509466,-79.4503818,1726,8850.44
SA_R1,9.0509466,-79.4503818,1727,8850.44
SA_R1,9.0509466,-79.4503818,1728,8850.44
SA_R1,9.0509466,-79.4503818,1729,8850.44
